ts0__FREE	ts1__FREE	ts2__FREE	ts3__FREE	ts4__FREE	ts5__FREE	theta0__FREE	theta1__FREE	y0__FREE	y1__FREE	lambda0__FREE	lambda1__FREE	lambda2__FREE	lambda3__FREE	lambda4__FREE	p0__FREE	p1__FREE	p2__FREE	p3__FREE	p4__FREE	beta__FREE	fD__FREE	r__FREE
1.725642595231113319e+01 4.721548205703488321e+01 6.463114852483843720e+01 3.322167232177907437e+01 8.283320951007986821e+01 1.156375456705700913e+02 4.468200301659489355e+02 5.116686806075940694e+02 1.205454412685615040e+00 1.849937653778896740e+00 5.251628180626881637e-01 9.211231521166167724e+00 5.991508613023376562e+00 1.529474929757596913e+00 1.281235256628972197e+00 5.042885871419011679e-01 4.144703935843224163e-01 4.892056282487243224e-01 3.873793573509092814e-01 3.003607539292603157e-01 4.594967282390654550e-01 9.988920286791334036e-01 3.878716908022231902e+00
1.725565923650331968e+01 4.720754177031471244e+01 6.465410898757576774e+01 3.322425469280236143e+01 8.285816557997549126e+01 1.156650189579093961e+02 4.468141943730659591e+02 5.116581006284098407e+02 1.231583352461741221e+00 1.896829165412318163e+00 5.467573991375153097e-01 9.187889673195646978e+00 5.999460214625072396e+00 1.526508760627874217e+00 1.275005884500428399e+00 5.016322838572152554e-01 4.144060204108918621e-01 4.894357325989425189e-01 3.845656630230471773e-01 2.901430934319910726e-01 4.597665982904481363e-01 9.990481487243102476e-01 3.873253910173030334e+00
1.727589711084297264e+01 4.719371966900946802e+01 6.466139055342536324e+01 3.319934868818165796e+01 8.284202703325790651e+01 1.156695458925348987e+02 4.468244059910309147e+02 5.116483645748445497e+02 1.220295200804748070e+00 1.930613629332838199e+00 5.573255748135471643e-01 9.182048019810590489e+00 6.011538965426634462e+00 1.503854737934774422e+00 1.275972097069878020e+00 4.959222592561986498e-01 4.216114143307233553e-01 4.875502088941111034e-01 3.870080227297643671e-01 2.875086113073058169e-01 4.571881206224979177e-01 9.989497882624426284e-01 3.839436045072173620e+00
1.728848883775103928e+01 4.717782904998137639e+01 6.465936110816751636e+01 3.320179930446275307e+01 8.283469858685596421e+01 1.156852902337176090e+02 4.468194532691364316e+02 5.116462408220843372e+02 1.235479572069258847e+00 1.979931778119228492e+00 5.710080015173251144e-01 9.175470898496152827e+00 6.016382601174924183e+00 1.493347021743891778e+00 1.278912653822519729e+00 4.934130119319093399e-01 4.209752165269370905e-01 4.871427862537268672e-01 3.844420417011912283e-01 2.789138723075878512e-01 4.570263271888252432e-01 9.984892937068623464e-01 3.825357010178779937e+00
1.730816695685707174e+01 4.716858026632860401e+01 6.469464928446068086e+01 3.316660933000285638e+01 8.281410845696377976e+01 1.157142990053493321e+02 4.468091888433946792e+02 5.116381534154698443e+02 1.242751562613211513e+00 2.086570403066606350e+00 6.033537521683159932e-01 9.155503115566391514e+00 6.035149901439144315e+00 1.473760825564380816e+00 1.275826050146088297e+00 4.977316663623848614e-01 4.238263665593908769e-01 4.907152888824227177e-01 3.877150497660139528e-01 2.794457176990856051e-01 4.628276815391882404e-01 9.999622997572094052e-01 3.774329050729910318e+00
1.732986443026096879e+01 4.711053368806012998e+01 6.474123653988033311e+01 3.315375586173958311e+01 8.280747693164703094e+01 1.157654684011271371e+02 4.467920294574643094e+02 5.116323016124311494e+02 1.267761839329423434e+00 2.217888838125949835e+00 6.387539912241735340e-01 9.112150762334055187e+00 6.064201472535187598e+00 1.419348770622731237e+00 1.276133558492970721e+00 4.913912742656612043e-01 4.224089810677714163e-01 4.893391464033360894e-01 3.842675783630111752e-01 2.645719164628316800e-01 4.608918202533006658e-01 9.997964966564324429e-01 3.717926601941339282e+00
1.737377089436725797e+01 4.704582596563613350e+01 6.478409617253073804e+01 3.310418906256120408e+01 8.281200843503037845e+01 1.158112026754974124e+02 4.467685007246356577e+02 5.116146394809634330e+02 1.312758800809717075e+00 2.416424330771303364e+00 6.908816992980473248e-01 9.068188543024181314e+00 6.105337221734745690e+00 1.375391096656171319e+00 1.285422734448949056e+00 4.887349693607372925e-01 4.142376618379788877e-01 4.885037968901807526e-01 3.801362741312069859e-01 2.460875519122284749e-01 4.608390793488092996e-01 9.994620423238255169e-01 3.633316101502182871e+00
1.739044295216474012e+01 4.702850781046194584e+01 6.478312808879428530e+01 3.309423701107947124e+01 8.279675345715628509e+01 1.158232539235611824e+02 4.467713235270851442e+02 5.116105793855928141e+02 1.332368048401907590e+00 2.443972609155274700e+00 6.947812517550738809e-01 9.061291647376899405e+00 6.115092404784938651e+00 1.373555414377006567e+00 1.286343035544621261e+00 4.817619440256697971e-01 4.128387653094374166e-01 4.849302139965601111e-01 3.768824821820286886e-01 2.347045521654986810e-01 4.557883971969760584e-01 9.980194298805463715e-01 3.588905743615830701e+00
1.740955342592814148e+01 4.701109772444244328e+01 6.480188801319586389e+01 3.309310773540514106e+01 8.278288406246782927e+01 1.158141207793452878e+02 4.467571680218326264e+02 5.116050805097908665e+02 1.350182635293007971e+00 2.474564145334645637e+00 7.072575226045649810e-01 9.043969956612750494e+00 6.137667289354142852e+00 1.347322387129213928e+00 1.282428238920284125e+00 4.668075566953592270e-01 4.182623541365289022e-01 4.805841638130081139e-01 3.728362313857042087e-01 2.296473249664414129e-01 4.492239502821389063e-01 9.984817233453112673e-01 3.556862581818881264e+00
1.742649729360620725e+01 4.701987643831840558e+01 6.477491653141616723e+01 3.308391969090733653e+01 8.277956426548027480e+01 1.158138930826780637e+02 4.467569897457725574e+02 5.116301951746787608e+02 1.365586894877640178e+00 2.430710911842717259e+00 6.745426326523696892e-01 9.030323094022863373e+00 6.125609574492113296e+00 1.355759205522745869e+00 1.278271186049614094e+00 4.680506988391899270e-01 4.153062226792715861e-01 4.790965065323410932e-01 3.691085453013517870e-01 2.203506599537167210e-01 4.482840988998200160e-01 9.982415412464518134e-01 3.568947747736004761e+00
1.743896383536018035e+01 4.700413127119532675e+01 6.479774643531692391e+01 3.307220201338362386e+01 8.275821572757023148e+01 1.158373691049505396e+02 4.467433712466366842e+02 5.116352887714394910e+02 1.378555417547926210e+00 2.484842966045941015e+00 6.997690680786897710e-01 9.007528176297643796e+00 6.133822641772090911e+00 1.322446444141360811e+00 1.299426220468368198e+00 4.764788263217815678e-01 4.168851870864101472e-01 4.831509372019892612e-01 3.769445245340344863e-01 2.252039792980365385e-01 4.546276780107433302e-01 9.990633547882381560e-01 3.532937329762833034e+00
1.743708760369650790e+01 4.700848427473290059e+01 6.481223131526114400e+01 3.307984565945938016e+01 8.277549754367510104e+01 1.158303414437361454e+02 4.467434545372217372e+02 5.116408740473419243e+02 1.386930483885316701e+00 2.525714940426871724e+00 6.895439182794171895e-01 8.998773522689795357e+00 6.146554043239875753e+00 1.306901152281099154e+00 1.310275012769282821e+00 4.706090423056944472e-01 4.169915189507932829e-01 4.812908446610719704e-01 3.714573757962397194e-01 2.199220339553302206e-01 4.513989012393644362e-01 9.999942306994138441e-01 3.519409421559330120e+00
1.745838260151939991e+01 4.698919107061237099e+01 6.481461698677325955e+01 3.306608759932895225e+01 8.274877171688191879e+01 1.158595065527630226e+02 4.467535794916335021e+02 5.116414332877940296e+02 1.386890724203504233e+00 2.592889714158030490e+00 7.095235409595508358e-01 8.976766056021293849e+00 6.170733150591583005e+00 1.284334444404017672e+00 1.303719520751763339e+00 4.669367354559457173e-01 4.113916091942124154e-01 4.811362947893058628e-01 3.696332914846254813e-01 2.186113376415334819e-01 4.482825804095378341e-01 9.997543580120038520e-01 3.484261522934469113e+00
1.744309869244675326e+01 4.699645182036201163e+01 6.480239522066332825e+01 3.307313264307116896e+01 8.275885907386198426e+01 1.158339557132904361e+02 4.467601600030849909e+02 5.116506333212864206e+02 1.385813267599407039e+00 2.517519083382254497e+00 6.884375323447921025e-01 8.997621806992476934e+00 6.156770639452386007e+00 1.270692193515145396e+00 1.294810311398765679e+00 4.661477531140730268e-01 4.171070262982648491e-01 4.796133831077267207e-01 3.736335361547113987e-01 2.267232661777161817e-01 4.484013634059364484e-01 9.996671221636520555e-01 3.534552389658477622e+00
1.744700347093210624e+01 4.697575498961293761e+01 6.479438269010918816e+01 3.304595660370255672e+01 8.277226210754425040e+01 1.158321624143326147e+02 4.467571728264265971e+02 5.116357580762154385e+02 1.383603368127160449e+00 2.539218955037530812e+00 6.983855367472394660e-01 8.984325450099627020e+00 6.172523515803742811e+00 1.252808927202848199e+00 1.272370023005751083e+00 4.775910892640364835e-01 4.151735617232062414e-01 4.841238875911847983e-01 3.777696302592386535e-01 2.280976294683338401e-01 4.544005867456646364e-01 9.995656204776497411e-01 3.532929217033325298e+00
1.744629370895333409e+01 4.699652568627152505e+01 6.479877032030903194e+01 3.305957022151874725e+01 8.275720428779092686e+01 1.158249149342081097e+02 4.467589431684681358e+02 5.116529766342243875e+02 1.391861832795938891e+00 2.495654944076985959e+00 6.738713974338665924e-01 8.966971927879392013e+00 6.183610146741266966e+00 1.263322623844876702e+00 1.286029168032997605e+00 4.633504689459931325e-01 4.156152991655688300e-01 4.778674082745283380e-01 3.708687011590632299e-01 2.241147532595718639e-01 4.459534954783883620e-01 9.972419805415715377e-01 3.498301093418701768e+00
1.743538661048864569e+01 4.697996201006237271e+01 6.484693029624362737e+01 3.304428660404037998e+01 8.277035400540857779e+01 1.158089431093197845e+02 4.467427410021736591e+02 5.116526464964197771e+02 1.397973308385763724e+00 2.523228429515844251e+00 6.935681320174325037e-01 8.953272525334787346e+00 6.189814383650074525e+00 1.239732033461728555e+00 1.264842355273433139e+00 4.607768119603169454e-01 4.140630564160930893e-01 4.752417347602662656e-01 3.636420976328572641e-01 2.080269576414348620e-01 4.464817114805050835e-01 9.995198015745707654e-01 3.458081597071654745e+00
1.741749088360385045e+01 4.697657910066877207e+01 6.482597992948102217e+01 3.304376691880603545e+01 8.277052262591182341e+01 1.157981641228363401e+02 4.467520818404312877e+02 5.116512752915150486e+02 1.399427729769984863e+00 2.525258362943801238e+00 6.738497417143587409e-01 8.964579813676280651e+00 6.179685203835662222e+00 1.252461216731636462e+00 1.254821099503469650e+00 4.586744536326187172e-01 4.205446046939984583e-01 4.752373519646975741e-01 3.703876263632322474e-01 2.166426473703783329e-01 4.429555012843945927e-01 9.981043489258267787e-01 3.431103312757493917e+00
1.740879190557113887e+01 4.697544005241847032e+01 6.484028419892983663e+01 3.303444666477138014e+01 8.278069562182065511e+01 1.158012526959169008e+02 4.467437249614623624e+02 5.116417550770086109e+02 1.395298766223514786e+00 2.523725354896737993e+00 6.727734529048865486e-01 8.979596229315154332e+00 6.194303308724338208e+00 1.257354872673122514e+00 1.256754007051689381e+00 4.642707154934077041e-01 4.188394560835859148e-01 4.787523461594342389e-01 3.711865944716313259e-01 2.207290893977165158e-01 4.464300070321209901e-01 9.991995509969240352e-01 3.387156171927510062e+00
1.745380324053454046e+01 4.691290106180566255e+01 6.487865243458315945e+01 3.297649229276272109e+01 8.277025021760103130e+01 1.158245720082180696e+02 4.467215983543419497e+02 5.116249658609570474e+02 1.458885660803562079e+00 2.691263210438649356e+00 7.289938484894002979e-01 8.911369218767186240e+00 6.257327179966397424e+00 1.212459005843331106e+00 1.258623252152406558e+00 4.533046198153927175e-01 4.056665195869610940e-01 4.722141502556491122e-01 3.606025121048057058e-01 1.926872930372831305e-01 4.411817407231758970e-01 9.996120622063885408e-01 3.273583033132269726e+00
1.741306177956242252e+01 4.696411663779952761e+01 6.485448422648556743e+01 3.300120973633686106e+01 8.279026709277196971e+01 1.157702526742882014e+02 4.467267346662951013e+02 5.116389968490070714e+02 1.433457064323279573e+00 2.515387632739085166e+00 6.695018015574618619e-01 8.920394585828665512e+00 6.254785132341857512e+00 1.263249585769572914e+00 1.242507676073135503e+00 4.576934197408271676e-01 4.113776867860952646e-01 4.763634153338832111e-01 3.640146937597095733e-01 2.099860648793433482e-01 4.423445666249333774e-01 9.998776009070664550e-01 3.319421353241161388e+00
1.742171357709970536e+01 4.694468906518094542e+01 6.486436162144043749e+01 3.298165908994288031e+01 8.280584895762886788e+01 1.157732638884863405e+02 4.467083673130404691e+02 5.116379590346153918e+02 1.428516114821604344e+00 2.533342471507532334e+00 6.886080156082002857e-01 8.911918936700294225e+00 6.270568668387967115e+00 1.269916649773604966e+00 1.225154453142309086e+00 4.421147653793542354e-01 4.069636952432882371e-01 4.673721369536157910e-01 3.538597388269120736e-01 2.026927223551418522e-01 4.344235710654419935e-01 9.991171024994530692e-01 3.278229429928745109e+00
1.744423361857888111e+01 4.692291129711239250e+01 6.489605774077928402e+01 3.294665726338918432e+01 8.282496024168726478e+01 1.157924549235266198e+02 4.466970319892771499e+02 5.116285688510391765e+02 1.465760434172280524e+00 2.618282387037661252e+00 7.158325693652417554e-01 8.866734859682908976e+00 6.322678836499460608e+00 1.234311817548118251e+00 1.227327736075297437e+00 4.413421708775613350e-01 4.155634117094967883e-01 4.662104080590624977e-01 3.575731097421014915e-01 1.864774544854207461e-01 4.355024821630539278e-01 9.994686663803049598e-01 3.184276583621867829e+00
1.744580910366687121e+01 4.693782053417305633e+01 6.488075080618889956e+01 3.293806971770878533e+01 8.283012584316799121e+01 1.157699510358502550e+02 4.467113647496062754e+02 5.116308564205064044e+02 1.439276680253820384e+00 2.553842292313602602e+00 7.246665036840640450e-01 8.880502798597031955e+00 6.301905615131483174e+00 1.244205024226065159e+00 1.227833284931350688e+00 4.533842066940531046e-01 4.029085263362689462e-01 4.745551221500021177e-01 3.617430095792648070e-01 2.057198642648740972e-01 4.401102018128699722e-01 9.997959300999742505e-01 3.176571182305023999e+00
1.744883384146275418e+01 4.692911810609063394e+01 6.491248273870962748e+01 3.291374519113512775e+01 8.282949035366959833e+01 1.157745553988451519e+02 4.467147343306066887e+02 5.116253988430688651e+02 1.423711847972744637e+00 2.582238043324594834e+00 7.500289047300965350e-01 8.837304995898644933e+00 6.325807247118763854e+00 1.253717720433420668e+00 1.214590656227600984e+00 4.516900679589163636e-01 4.140175177153570529e-01 4.732477032520280846e-01 3.605118180733616895e-01 2.000160455801650305e-01 4.431225787557522278e-01 9.982811208399630098e-01 3.069195928001831941e+00
1.744271246059321712e+01 4.689698454723484389e+01 6.492826049195340943e+01 3.287188031598693527e+01 8.283643447232336143e+01 1.157287971462138927e+02 4.467122978048101913e+02 5.116111422427709385e+02 1.464325237855355066e+00 2.573152648410177434e+00 7.498614441650357509e-01 8.779595373655604718e+00 6.371577460351774747e+00 1.230964948284181570e+00 1.202340597009007306e+00 4.422708398731108326e-01 4.223439946912044274e-01 4.697841560649699821e-01 3.600567818137300202e-01 1.976120991763629098e-01 4.399300018959778624e-01 9.996667521595814510e-01 2.936685165128163355e+00
1.745204068794848951e+01 4.688141980933813358e+01 6.497229391348989225e+01 3.284550381699455812e+01 8.283567026072095985e+01 1.157233317537149446e+02 4.467338407160440852e+02 5.116041095421678619e+02 1.476323840764372619e+00 2.606202653565739880e+00 7.563445912225230661e-01 8.723435623830903651e+00 6.407117868518836801e+00 1.226925393307170875e+00 1.202562494745569976e+00 4.362547644675278669e-01 4.122606355257771860e-01 4.669919367947764632e-01 3.540997475964549057e-01 1.908778466544917563e-01 4.348929934329038849e-01 9.974124223744177398e-01 2.788414263036289586e+00
1.745371369184985255e+01 4.687977555172306410e+01 6.499191211148203706e+01 3.279489983980231926e+01 8.283731526247812837e+01 1.157130651194744217e+02 4.467198517408893395e+02 5.116215118975751466e+02 1.461586552277118756e+00 2.555794076235506918e+00 7.651205343356310973e-01 8.700924202644879202e+00 6.457101748596985935e+00 1.230612308606578997e+00 1.209829630661079403e+00 4.466482433299691079e-01 4.139305354918674240e-01 4.718715314743829325e-01 3.648176869741390771e-01 2.020779213695896026e-01 4.393230978310086465e-01 9.986004135389059400e-01 2.672772564107894322e+00
1.747434106082409855e+01 4.676434817886003259e+01 6.514982838616244010e+01 3.259929010928627235e+01 8.288574147464179021e+01 1.156427741911403189e+02 4.466698196873410893e+02 5.116067545153427432e+02 1.561261781041889840e+00 2.656098099434827109e+00 8.289628167820376481e-01 8.473871618172712061e+00 6.695482808098729421e+00 1.142653474085977283e+00 1.132872156877775760e+00 4.187966646604939780e-01 4.275055980965407065e-01 4.598562568398675832e-01 3.555418912550598054e-01 1.766746165748195874e-01 4.299725716475674142e-01 9.986562829774264793e-01 2.058511814906599735e+00
1.747949286559060766e+01 4.666681690433612317e+01 6.529305455681362957e+01 3.242797325423480714e+01 8.295012693394710368e+01 1.155975748014196114e+02 4.466516478322981243e+02 5.115865778743546457e+02 1.631980492120663095e+00 2.732205157570391840e+00 8.939877755260079439e-01 8.237157508359317148e+00 6.935554696733003510e+00 1.053053577291604759e+00 1.084083279028421387e+00 4.160241107773839930e-01 4.035864997320766090e-01 4.586000940407101156e-01 3.476290652720172014e-01 1.577226212714139542e-01 4.251276375427393561e-01 9.966565811170693401e-01 1.465447372197674403e+00
1.745179063042577638e+01 4.663897804595325169e+01 6.535302155434357019e+01 3.232522540044207915e+01 8.299630246847760873e+01 1.155301169409196831e+02 4.466504999655240340e+02 5.115554545583668187e+02 1.586006638310416106e+00 2.600880580356224936e+00 8.772004423981445420e-01 8.154692481216565980e+00 7.018209044222619042e+00 1.083786905464378947e+00 1.058126047612447440e+00 4.313726536534903677e-01 4.242105032179057100e-01 4.681858751546465469e-01 3.615445426280466945e-01 1.854322538040858726e-01 4.376718251092325263e-01 9.974840433859224476e-01 1.160019557104543964e+00
1.740842788210151326e+01 4.667759284430907485e+01 6.536204931834394927e+01 3.233227411394403106e+01 8.300338044226511158e+01 1.154931422247903612e+02 4.466925786217730661e+02 5.115548192745547453e+02 1.533910928339983215e+00 2.490497855134821137e+00 8.544462743884096989e-01 8.175592729537816794e+00 7.020791516844276714e+00 1.139891175724159877e+00 1.050450319385452413e+00 4.417579089383140700e-01 4.099694252296973707e-01 4.715094601481688574e-01 3.625885734892553836e-01 1.942319364111611268e-01 4.393877842269378053e-01 9.982537610617335799e-01 1.103200877772267496e+00
1.743291274130820767e+01 4.666859060487881550e+01 6.537817580508487936e+01 3.232739272939740971e+01 8.300729701173172259e+01 1.155035188312045307e+02 4.466767491447672001e+02 5.115381698313890979e+02 1.494936811116472475e+00 2.558129376095793717e+00 8.606793858413226417e-01 8.179750846002278308e+00 6.989960578995153995e+00 1.132087714156507552e+00 1.058589968953840499e+00 4.535299703843144181e-01 4.195927653621092657e-01 4.786033758977059072e-01 3.667846259058190062e-01 1.948586531265728006e-01 4.484037914687482029e-01 9.966727112366647878e-01 1.112716714136513740e+00
1.739421836257709586e+01 4.665770875758325076e+01 6.539397705744173095e+01 3.233982048495568051e+01 8.301233300395115577e+01 1.155029471565584203e+02 4.466669979328270301e+02 5.115108428382101238e+02 1.473287734326643728e+00 2.553074843994298959e+00 8.620853612682399802e-01 8.136941878159195340e+00 6.990778674490239375e+00 1.120103005098515236e+00 1.054612352637713579e+00 4.497536174208661697e-01 4.013761832733784840e-01 4.772534946342474882e-01 3.615391573643574885e-01 2.013021135633404346e-01 4.432943614392985121e-01 9.999787651945728495e-01 1.106510131297308686e+00
1.735937348659840040e+01 4.674400804198513271e+01 6.539522215995590670e+01 3.236746726986223166e+01 8.302614919379890068e+01 1.154749554893878098e+02 4.466961362716488111e+02 5.115082391760336122e+02 1.391293132366678398e+00 2.364617582027517706e+00 8.071660298214854423e-01 8.189855519766355840e+00 6.963597070833982272e+00 1.203250679223412334e+00 1.089066892502809747e+00 4.444193977218756642e-01 4.161252474406583746e-01 4.720932170697689223e-01 3.663811233742971796e-01 2.243705923326102525e-01 4.386982173003157182e-01 9.920551165464410737e-01 1.123206292521318206e+00
1.732809555781813415e+01 4.676587249862345175e+01 6.542268634234747537e+01 3.239197773653264534e+01 8.303926982750313357e+01 1.154418307856284684e+02 4.467241583509348857e+02 5.115208588008245556e+02 1.331137230980088626e+00 2.281786799937362442e+00 8.328402579748211965e-01 8.202646630022140783e+00 6.948971032991771324e+00 1.195866291459315445e+00 1.126296348219424148e+00 4.613650329880435441e-01 4.097691172812365501e-01 4.796280305223428186e-01 3.724534288682459504e-01 2.383419620922292981e-01 4.492777790582484498e-01 9.982567682085864424e-01 1.145242487394191322e+00
1.735528627068783081e+01 4.669344342297662109e+01 6.542831860060178428e+01 3.233555499406484302e+01 8.302244664844018018e+01 1.154717033921207445e+02 4.467045316581516659e+02 5.114869692385996700e+02 1.349253065513287941e+00 2.360120857236565506e+00 8.767649727640010049e-01 8.168427190651060599e+00 7.049060421876808036e+00 1.164812579220899647e+00 1.155726584821539227e+00 4.662753385958637309e-01 4.306419437957612062e-01 4.832551144893236228e-01 3.833186034612090509e-01 2.380542137815694903e-01 4.572933438895009917e-01 9.971379192491189869e-01 1.030270792473050978e+00
1.735008299059846593e+01 4.668602445299605819e+01 6.541919028083246701e+01 3.233267099947839540e+01 8.302808786512373729e+01 1.154728914474492996e+02 4.467220700861286105e+02 5.114832717158382138e+02 1.367414417072174926e+00 2.408522715204520992e+00 9.015379853716131153e-01 8.162671152728346868e+00 7.026539439409202004e+00 1.169613197521010228e+00 1.143078401544830536e+00 4.646722135483898342e-01 4.200827794165307161e-01 4.850009192903373956e-01 3.765681632588867012e-01 2.401429343976373976e-01 4.567287311554945606e-01 9.988092684965573786e-01 1.037843609122739652e+00
1.738826178446341331e+01 4.669891368645799901e+01 6.543524157743058822e+01 3.234737886566407639e+01 8.302358455991809194e+01 1.155025715913494082e+02 4.467393117010821015e+02 5.114680363622835557e+02 1.351792637908094452e+00 2.476974321950973223e+00 9.152994209377937063e-01 8.204008952721455472e+00 7.001595468714077342e+00 1.177750946101887131e+00 1.176889153471025962e+00 4.784855792086384341e-01 4.289126695765341779e-01 4.910728211113513653e-01 3.918075689673901074e-01 2.472783265446211742e-01 4.647951618976173260e-01 9.984583741707455662e-01 1.132175949423179562e+00
1.737202377284732435e+01 4.669205518391324006e+01 6.542889092546255370e+01 3.235449670519818710e+01 8.306608685728593855e+01 1.154812800603761360e+02 4.467113932164932066e+02 5.114658118476754680e+02 1.379841305907088866e+00 2.437284997991398861e+00 8.805225933814256889e-01 8.203198752625747048e+00 7.008927686516899236e+00 1.181540824819284241e+00 1.146280176201193601e+00 4.741530647012442423e-01 4.073040954034717887e-01 4.873188999175737668e-01 3.791267446583251322e-01 2.328881954025213419e-01 4.572860748690188992e-01 9.989793464724688876e-01 1.125547742877168078e+00
1.730791345772706080e+01 4.672825973571804070e+01 6.542084309222495619e+01 3.237590224485413870e+01 8.305736334952520394e+01 1.154298469817118047e+02 4.467316361879582018e+02 5.114534868202082976e+02 1.332129185926097747e+00 2.309476840651546237e+00 8.689223029884312055e-01 8.195714119539850628e+00 7.023697091800753967e+00 1.255946216193481568e+00 1.127688753019494561e+00 4.868422180498175322e-01 4.272799107836348642e-01 4.926025356422082946e-01 3.905732811929661374e-01 2.543628635355796308e-01 4.682521088043120061e-01 9.983564852604881468e-01 1.052058823698236001e+00
1.730458469062892846e+01 4.670301416800829486e+01 6.542196392867609234e+01 3.236152229458996743e+01 8.305374891111263480e+01 1.154590805678242589e+02 4.467200567266278881e+02 5.114576006049763919e+02 1.297010473638847028e+00 2.272099015351578988e+00 8.954646223998850019e-01 8.169916796768042389e+00 7.047715378517665386e+00 1.216725079831766365e+00 1.154803818967717444e+00 4.698991407532223108e-01 4.312812124940216818e-01 4.880567131820750526e-01 3.816319533006397036e-01 2.447981599709984635e-01 4.605815573354214987e-01 9.908778802077823356e-01 1.003735452377747306e+00
1.735222912864040268e+01 4.668151351475441402e+01 6.538333252398955153e+01 3.236008305601298929e+01 8.306937712993945411e+01 1.154953387662721696e+02 4.467065371653677630e+02 5.114583821866255562e+02 1.408854419079476283e+00 2.360809219549255822e+00 8.954527510401470991e-01 8.185281698259927907e+00 7.049421787181056054e+00 1.174093321373306020e+00 1.109366056695330727e+00 4.588558449697517916e-01 4.229721484084311700e-01 4.820810948065609725e-01 3.799066360032166134e-01 2.294025017335697691e-01 4.494370246826439041e-01 9.976942108207706994e-01 1.118225283186477403e+00
1.737480855141778235e+01 4.670301931376551607e+01 6.539618561635373339e+01 3.235754854471395703e+01 8.305598118664741492e+01 1.154844527845219204e+02 4.467099561792130089e+02 5.114887243672812360e+02 1.407112020066606073e+00 2.425381735677170525e+00 8.853247742899748030e-01 8.166988324107419928e+00 7.079582141413339080e+00 1.164519557257576166e+00 1.094431739416301230e+00 4.391950706932331583e-01 4.119237081102041231e-01 4.675048926808947347e-01 3.613925945738529211e-01 2.040102029338693446e-01 4.373567890932553159e-01 9.987334125543551044e-01 1.062710218160404896e+00
1.736329781750883683e+01 4.674679623220141167e+01 6.542407227052673591e+01 3.237237276843237765e+01 8.305661973145734578e+01 1.154941779528210759e+02 4.467148586215408272e+02 5.114640880985020317e+02 1.353868731092011668e+00 2.436160178630900397e+00 9.073818677585657744e-01 8.165521668170717007e+00 7.034908168041251741e+00 1.175218242210249731e+00 1.098602306012038676e+00 4.456691726412979060e-01 4.112719052983338508e-01 4.719547046001265622e-01 3.653031437626164668e-01 2.150992452701349367e-01 4.416892081269279124e-01 9.960013292179782374e-01 1.071920702520108515e+00
1.735052513047223144e+01 4.676309696766143276e+01 6.539679088068449175e+01 3.233100299019589841e+01 8.305722396421653286e+01 1.154645521750372694e+02 4.467094145956816647e+02 5.114789993515532274e+02 1.377969211757070100e+00 2.356749621993897925e+00 8.869492950805569764e-01 8.147261644883245779e+00 7.030597615493977770e+00 1.168795796217865224e+00 1.061231209333618253e+00 4.427725526180127380e-01 4.196069833386456005e-01 4.745262733087052820e-01 3.677367521547353912e-01 2.328795443447954083e-01 4.425862586483659267e-01 9.986397744087671668e-01 1.086933353503048316e+00
1.731545633199481316e+01 4.678902876176842796e+01 6.536563655503978509e+01 3.233365371623800399e+01 8.305755875376127051e+01 1.154404865078770257e+02 4.467127507171655907e+02 5.114519341808082800e+02 1.320229735972166640e+00 2.221909885112004268e+00 8.679127452300259282e-01 8.200218304356143406e+00 7.003112904303653075e+00 1.200857766086774303e+00 1.089096928433219702e+00 4.491057432640144231e-01 4.117248511305046654e-01 4.746895006860306632e-01 3.726433363565392343e-01 2.396877087676891893e-01 4.404641498623556584e-01 9.957796271811532041e-01 1.132059200895578543e+00
1.739226870850445295e+01 4.673511584592806400e+01 6.535777354809772532e+01 3.231046919717248045e+01 8.302715142485176614e+01 1.155124176296053378e+02 4.466815695573940843e+02 5.114733642942413780e+02 1.367773811603893108e+00 2.411465992397336944e+00 8.904914510544408301e-01 8.222203266761413332e+00 6.992509126654566920e+00 1.127466434302850651e+00 1.082946939904540384e+00 4.602316206157402445e-01 4.052001960341996556e-01 4.837508912348937873e-01 3.682974372735987045e-01 2.266346949815582490e-01 4.498858840559181727e-01 9.987991930070546642e-01 1.166144021212404347e+00
1.741839995720656731e+01 4.671923718033838213e+01 6.542607050944511116e+01 3.226569442690798439e+01 8.302982527199000629e+01 1.154893491393218454e+02 4.466643023882624561e+02 5.115007959002014104e+02 1.391335258630838734e+00 2.458160434935552807e+00 8.543189711056666802e-01 8.143872083585865340e+00 7.071120370700688440e+00 1.091279467165706452e+00 1.084084542662721695e+00 4.529306305985951187e-01 4.054619867178934634e-01 4.778135476693042838e-01 3.552757317894910116e-01 2.020708842477047518e-01 4.473771679975770965e-01 9.965970358564052445e-01 1.039007848777627085e+00
1.741954687430028770e+01 4.673240549790578768e+01 6.545232160517177533e+01 3.227858032216903439e+01 8.306273451154349630e+01 1.154575470972354196e+02 4.466550327925025385e+02 5.115303027576566706e+02 1.406793561949928995e+00 2.403882688486405073e+00 8.358540172728268214e-01 8.144710615790399899e+00 7.056059569452025393e+00 1.122351762115636697e+00 1.074833170773607405e+00 4.597686924417755394e-01 4.155794626111212198e-01 4.793423242157769937e-01 3.716097959499734538e-01 2.194719271741266686e-01 4.500953120896533100e-01 9.994185427871902228e-01 1.035050525615647699e+00
1.722204308399384942e+01 4.728269723568706695e+01 6.460563728875963818e+01 3.300538807200182845e+01 8.281620656874008546e+01 1.155618333753452021e+02 4.468329498072082515e+02 5.116794913617360407e+02 1.271090254615769410e+00 1.915566510365611430e+00 4.564239825875567869e-01 9.270985097534518715e+00 5.891113701117810741e+00 1.434889241724590647e+00 1.300282643109184955e+00 4.874218705507680771e-01 4.105812595147670940e-01 4.794685522424243507e-01 3.757505409388214312e-01 2.771813902039771960e-01 4.434871976453614306e-01 9.995585061322660447e-01 3.835001959447072117e+00
1.721775833322736560e+01 4.728146190504809709e+01 6.457298113838966458e+01 3.300893127115330117e+01 8.280674349033894543e+01 1.155663132837436535e+02 4.468257415740944225e+02 5.116799299046726901e+02 1.272523661586444366e+00 1.965792958123881773e+00 4.434831820494211096e-01 9.294304775533385410e+00 5.902452660922113736e+00 1.432490765514718323e+00 1.286852697692643321e+00 4.843746236967030327e-01 4.141568202119332853e-01 4.752610325394081570e-01 3.717629180068460770e-01 2.600863847339343615e-01 4.406994464037792270e-01 9.998202001184198773e-01 3.825197507425820653e+00
1.720868996316755428e+01 4.727025963974329414e+01 6.454429937897518244e+01 3.300369901560013375e+01 8.280686437632779473e+01 1.155643645966252819e+02 4.468259731276993989e+02 5.116985038833005888e+02 1.287734131877898536e+00 2.023316722525964728e+00 4.429857159663693755e-01 9.306485897623394621e+00 5.907317211617016284e+00 1.417689242217154533e+00 1.284812901447674793e+00 4.981288698780637070e-01 4.179259063393373497e-01 4.836443465720425827e-01 3.762040754343593529e-01 2.670387372933347159e-01 4.518583875139273176e-01 9.994411303867086760e-01 3.818395631667527379e+00
1.718665857754943360e+01 4.727705309097380137e+01 6.452559170735295879e+01 3.298724960000022577e+01 8.279765170232316507e+01 1.155781317815617797e+02 4.468123512849300027e+02 5.117104513728892243e+02 1.283158490171692145e+00 2.082823529660615680e+00 4.555047190439596161e-01 9.331316272580560067e+00 5.952322430209708415e+00 1.416774677189793108e+00 1.294593713673916957e+00 4.911382896921828722e-01 4.163818721984101634e-01 4.807554389396074268e-01 3.754053868472312372e-01 2.590195661670831595e-01 4.462077074588047809e-01 9.992411306817462480e-01 3.791497653409639401e+00
1.718657860528141512e+01 4.726868168692303840e+01 6.448754426194908262e+01 3.294658867782834477e+01 8.277967265644130634e+01 1.155941421042427066e+02 4.468038767874016344e+02 5.117292153911191690e+02 1.308954661972080213e+00 2.186296255324478022e+00 4.502754308400782612e-01 9.359996958632779140e+00 5.970742782355165978e+00 1.388675142845650079e+00 1.301833732254768394e+00 5.047545234344612552e-01 4.097955793230013133e-01 4.838383935428798854e-01 3.784000225083876678e-01 2.540762457861945323e-01 4.523001884859146338e-01 9.994703123114948573e-01 3.766560498284972525e+00
1.719497572635459193e+01 4.724393249903747716e+01 6.443906576128597408e+01 3.291560226556804025e+01 8.277431648135785736e+01 1.156087537683120132e+02 4.467954314157330487e+02 5.117551674929670185e+02 1.320898676042975950e+00 2.286367597855932576e+00 4.376631221796278282e-01 9.388534078415254669e+00 5.978020147612411961e+00 1.357096754341141409e+00 1.294226488888460702e+00 4.869779357742334280e-01 4.180074930460406790e-01 4.773969294440051914e-01 3.695533360316544669e-01 2.436602316852207739e-01 4.461265800002043869e-01 9.995904080968329719e-01 3.750499711967392624e+00
1.718328788282304487e+01 4.723364950181323962e+01 6.440653381285338241e+01 3.289581631878705537e+01 8.275989158488637543e+01 1.156050069770208211e+02 4.467764240621789895e+02 5.117557632750817902e+02 1.330046820619994463e+00 2.366974022870940164e+00 4.349065973479367408e-01 9.419868314077751492e+00 6.008396962688142828e+00 1.346566934845428998e+00 1.292748604962685066e+00 5.000820790672958482e-01 4.140472326287773508e-01 4.813989393447150600e-01 3.751179310499929143e-01 2.359181589747890717e-01 4.507802375009283824e-01 9.997580577404731050e-01 3.718978857318305131e+00
1.717630741990238263e+01 4.722506742057903040e+01 6.439981783915602875e+01 3.291036584085303929e+01 8.276672922827174261e+01 1.156143349807752259e+02 4.467733452660377225e+02 5.117712985228370144e+02 1.336517676504541674e+00 2.377292479135610481e+00 4.155299535332194205e-01 9.432595426950001638e+00 6.010336440579504114e+00 1.346816789249219104e+00 1.263773958521471785e+00 4.948703301114506514e-01 4.040799926878061998e-01 4.791887412644665889e-01 3.647967396818372898e-01 2.272089919861235985e-01 4.453689702754734525e-01 9.995247242236420249e-01 3.703460295461421747e+00
1.717998365795464721e+01 4.719884239163398121e+01 6.435082345118694036e+01 3.290172217322745496e+01 8.276937798938512003e+01 1.156246852098361586e+02 4.467651469407456375e+02 5.117856517173520956e+02 1.339806761357956066e+00 2.450018536363570476e+00 4.111611209073312012e-01 9.462097586068752619e+00 6.033956422871829872e+00 1.351820965910000449e+00 1.256643478193766761e+00 4.856777945218266335e-01 4.054458176479863729e-01 4.721532241083304937e-01 3.653503071509227040e-01 2.230870893458223592e-01 4.390731659701193612e-01 9.987357562895551322e-01 3.691515126170134220e+00
1.718521017317337751e+01 4.720139551327619643e+01 6.432933543776600516e+01 3.289422258372376717e+01 8.276466202298352925e+01 1.156192659605813020e+02 4.467662849512202001e+02 5.118147893796073049e+02 1.363273804055773253e+00 2.485901226508320683e+00 3.831112726782717193e-01 9.489117587689145594e+00 6.052372578340240672e+00 1.326624025064931267e+00 1.249684342244932633e+00 4.877782262022906656e-01 4.124787936227040097e-01 4.720611528173896398e-01 3.664707065811465547e-01 2.235315163297001972e-01 4.388770720161752625e-01 9.996658911666187475e-01 3.664434984838034204e+00
1.719747969364219742e+01 4.720442298955172333e+01 6.437874010715661655e+01 3.289902134166580083e+01 8.278331455813759021e+01 1.156288257042928365e+02 4.467571299306027299e+02 5.118098291821487464e+02 1.339430942263011071e+00 2.435226328167402698e+00 3.879814144965708089e-01 9.471370106168881975e+00 6.047451800904148023e+00 1.344078514434818850e+00 1.241407810942380729e+00 4.802674545129981820e-01 4.057313055565106019e-01 4.691810643319245799e-01 3.583696257432563703e-01 2.149780828654764830e-01 4.351122274861138894e-01 9.994457263779291667e-01 3.668323339225685764e+00
1.719088666575209245e+01 4.719687999383488375e+01 6.437467103039531935e+01 3.290939415699934045e+01 8.276009421961627766e+01 1.156367705296672028e+02 4.467476347374486068e+02 5.118394994689558644e+02 1.357775284790935455e+00 2.502556515062492881e+00 3.823004998039942204e-01 9.506195144979248113e+00 6.062095511892517941e+00 1.351583242604584845e+00 1.232160610121332711e+00 4.834790895041516379e-01 4.005203127406806174e-01 4.709719237035593364e-01 3.578292913493946181e-01 2.128284587698547614e-01 4.347430798667010210e-01 9.999796211793370304e-01 3.628194657014047309e+00
1.718580392878375207e+01 4.720396269486874985e+01 6.441594994481469882e+01 3.291675683028636001e+01 8.276312784421939739e+01 1.156150538181234140e+02 4.467557146582419705e+02 5.118209010759276794e+02 1.365696050653843141e+00 2.430958083051435015e+00 3.984776897667472451e-01 9.480343641490041051e+00 6.043081217361385704e+00 1.338720417599077894e+00 1.241906722125933449e+00 4.765662513720351212e-01 4.128946113924747974e-01 4.697284476726332758e-01 3.612715604306445671e-01 2.160665678420506108e-01 4.347795932531091645e-01 9.997849989667431103e-01 3.639370378453096855e+00
1.717957150986572046e+01 4.719913702491749063e+01 6.439694319499258768e+01 3.291989230993712567e+01 8.276259612756440731e+01 1.156169031860393090e+02 4.467471705046988291e+02 5.118053340171864534e+02 1.378964320888069528e+00 2.425779768040516871e+00 3.941619808519224444e-01 9.483080648424424552e+00 6.045008100664188255e+00 1.353020670734716768e+00 1.217512336600057532e+00 4.911825423356768194e-01 3.993316526288895885e-01 4.736179567732554663e-01 3.590205547740752956e-01 2.160668497782479991e-01 4.399308020623817761e-01 9.983249064284214214e-01 3.616542056190002796e+00
1.718988548538379035e+01 4.718975207039507325e+01 6.435189395244827892e+01 3.289126979326796629e+01 8.277289386323970177e+01 1.156301925268031567e+02 4.467146241385419216e+02 5.118350966002957989e+02 1.409758666329422372e+00 2.520554434485966055e+00 3.652334979776296620e-01 9.533054246603022364e+00 6.076457992361766536e+00 1.352368841310696013e+00 1.203624327445227848e+00 4.723785725443808703e-01 4.066365522053308479e-01 4.650895930628240471e-01 3.536278926756329932e-01 2.042675045811618850e-01 4.291993157913934209e-01 9.996660085984635513e-01 3.578214551149331957e+00
1.718463949337437668e+01 4.717648186826009038e+01 6.430590410938832235e+01 3.289640572353305714e+01 8.278076393059741633e+01 1.156360936350275210e+02 4.467215616950305161e+02 5.118364158009375728e+02 1.408773235302084093e+00 2.522451302118061900e+00 3.499144716370246599e-01 9.535554435738916368e+00 6.073489855210874033e+00 1.349326871226529390e+00 1.178998083902912608e+00 4.749789445918572994e-01 4.004486452026194687e-01 4.635202739407331407e-01 3.528574551936035086e-01 2.022039773122024098e-01 4.274465869294680753e-01 9.992936971779999844e-01 3.552601294614159411e+00
1.719220353881194541e+01 4.718436331093081293e+01 6.431702757775681789e+01 3.289321688300574209e+01 8.279153389294951637e+01 1.156192724470864874e+02 4.467240051751033434e+02 5.118112076666762960e+02 1.425289119245252367e+00 2.504210277549502539e+00 3.699363582431942077e-01 9.538396335792464598e+00 6.068181183326226247e+00 1.357528424326066130e+00 1.179254654581494588e+00 4.727656272941073157e-01 4.028139047768058978e-01 4.637763596617662243e-01 3.527064791262936594e-01 1.976220924502479215e-01 4.284184657787318273e-01 9.998474592093921087e-01 3.553485826276446158e+00
1.719899282787641326e+01 4.716933123723674015e+01 6.431483093321199362e+01 3.289064598351234281e+01 8.278895408587241889e+01 1.156172639877606230e+02 4.467168190539633201e+02 5.118203015318536586e+02 1.428916667213112168e+00 2.503367909358996002e+00 3.579982781388879043e-01 9.551654867166860186e+00 6.071325211547860867e+00 1.355489013157908484e+00 1.163113495654132024e+00 4.678129215378013517e-01 4.049067725926965844e-01 4.619810916738311679e-01 3.525464009029707357e-01 2.016160151381735099e-01 4.251891910690920873e-01 9.999219193108436210e-01 3.541814278197693788e+00
1.720262335258392383e+01 4.716133133288845869e+01 6.431566017690185788e+01 3.289900993946620389e+01 8.280532909333020086e+01 1.156113894734751284e+02 4.467211268426709125e+02 5.118175246583921876e+02 1.421388958490710008e+00 2.502976562640562008e+00 3.542051728282886169e-01 9.566420731930879384e+00 6.076682006788148627e+00 1.340225621136450940e+00 1.157362610606273767e+00 4.733333552198508154e-01 3.942360176870322030e-01 4.626685681865853050e-01 3.495280831743883820e-01 1.960013721693557587e-01 4.254999155014538847e-01 9.985561066210518755e-01 3.524288481260571260e+00
1.719537106417827843e+01 4.716342656746433448e+01 6.433530087190005986e+01 3.290533338832192811e+01 8.280743665825386302e+01 1.156073775805386106e+02 4.467103009350389584e+02 5.118112569007005277e+02 1.431305351061952891e+00 2.478135272765169095e+00 3.766573085905248197e-01 9.550269290704994418e+00 6.068514661752248962e+00 1.364276939292067947e+00 1.153657798613287211e+00 4.677315056976985574e-01 3.993994980185364141e-01 4.617551716753390822e-01 3.489309509882349558e-01 1.937341571858945122e-01 4.262635591738269669e-01 9.986864252685484500e-01 3.505005047636967408e+00
1.720737034914886010e+01 4.719161462576313681e+01 6.433056769783561890e+01 3.291311973818982040e+01 8.280131846754888159e+01 1.155980735844754150e+02 4.467120065505483240e+02 5.118302213130286873e+02 1.413342250237569875e+00 2.464816386458093866e+00 3.691353809980999490e-01 9.541696085804977301e+00 6.071373205385516059e+00 1.383652515432902907e+00 1.163615062706833347e+00 4.603645096585958774e-01 4.006160304638122782e-01 4.603754707252212253e-01 3.454363337248935739e-01 1.957614484389749443e-01 4.223369918753560603e-01 9.999674233014033131e-01 3.506189182194150433e+00
1.721789767686080808e+01 4.717361763967547006e+01 6.425917471535834125e+01 3.289195475485927744e+01 8.279552323795175539e+01 1.156184051143308977e+02 4.466869339244349248e+02 5.118591783162660249e+02 1.455201825416507777e+00 2.565540662340976219e+00 3.420207546610875560e-01 9.586859318253047491e+00 6.093952785756236779e+00 1.364386017805842899e+00 1.122652201667976080e+00 4.576293793584750857e-01 4.013274796777285824e-01 4.567205102725330756e-01 3.431875156897226664e-01 1.876464368216088641e-01 4.180893262238253305e-01 9.993868877198002210e-01 3.431986505836368551e+00
1.723102998156396382e+01 4.717137152084060858e+01 6.427328420107460261e+01 3.292974471609496590e+01 8.278358294687693331e+01 1.156119698009705701e+02 4.466937251585448507e+02 5.118506329883338708e+02 1.450925010115927005e+00 2.530057549199238309e+00 3.354645583931707975e-01 9.565627037119462273e+00 6.076433568109609773e+00 1.371995945325999999e+00 1.121278827243084697e+00 4.652353302261587054e-01 3.986793439063467392e-01 4.585783301534895884e-01 3.433058600074643807e-01 1.867839925854634930e-01 4.212926973163690358e-01 9.993144973110881235e-01 3.441669429853815299e+00
1.724282374175303900e+01 4.718211899486115612e+01 6.430083555888799651e+01 3.294401841590518387e+01 8.278552212586858161e+01 1.156295351962902345e+02 4.467114311222170500e+02 5.118391677984414514e+02 1.448265663552893656e+00 2.478295958269680632e+00 3.385049034176697003e-01 9.538057585145399031e+00 6.050555017816529713e+00 1.381576830907601527e+00 1.125066984147441440e+00 4.609445485242654184e-01 4.045525506774699243e-01 4.564269388352992785e-01 3.392368042196308164e-01 1.823455875669772464e-01 4.223312733433519095e-01 9.981556539667765238e-01 3.444422865644815701e+00
1.723862842097688741e+01 4.716800770696753631e+01 6.427610667251398979e+01 3.294157150326884675e+01 8.280027130411122016e+01 1.156556128672723389e+02 4.466988431861156528e+02 5.118613105512310995e+02 1.455632706928259967e+00 2.562747272169027646e+00 3.294161826367810186e-01 9.566311228289054114e+00 6.066935173874582254e+00 1.392872707895950635e+00 1.108130483392749444e+00 4.600888440157957504e-01 4.055977018921904098e-01 4.566826140732934136e-01 3.381485821816275217e-01 1.784219940114347980e-01 4.213374607188838938e-01 9.999254781240054513e-01 3.402543685406299367e+00
1.724058247363421970e+01 4.716938276403035957e+01 6.427250489800381672e+01 3.293976131980047484e+01 8.281035256370239495e+01 1.156410787709235706e+02 4.466982765540909099e+02 5.118825319794295865e+02 1.462254784043514944e+00 2.587211990366512726e+00 3.038096682557693828e-01 9.579285944024572785e+00 6.077992261093540627e+00 1.393144587997945383e+00 1.080568608641358175e+00 4.707908807032959997e-01 4.045484184194728106e-01 4.583505899785090820e-01 3.457230935959521023e-01 1.881819338926837559e-01 4.214653675445718672e-01 9.998728124292178832e-01 3.319402907165948768e+00
1.723443440243819680e+01 4.715850957163430479e+01 6.427385657499321781e+01 3.294218607483357175e+01 8.279557558313199195e+01 1.156236332612663347e+02 4.467169187439942561e+02 5.118690886664792288e+02 1.454425185666165632e+00 2.560600913724043970e+00 3.175032198475515322e-01 9.573119189771974291e+00 6.059206643639877932e+00 1.366067598744861611e+00 1.120258932269176055e+00 4.697856330067562425e-01 4.086229885301183584e-01 4.575933191218520268e-01 3.498612754496744359e-01 1.875388718706681723e-01 4.228018474239557123e-01 9.998061415128423057e-01 3.343606531664945702e+00
1.727468300233650922e+01 4.713629872970354739e+01 6.429040451615962581e+01 3.300560315086446650e+01 8.281770792883691001e+01 1.155904072999312007e+02 4.467212732609272052e+02 5.118883487053951171e+02 1.453799840778210450e+00 2.533386730901943551e+00 2.918271667617803877e-01 9.569914948234544028e+00 6.052798204599525000e+00 1.388970129198328740e+00 1.103965596295220619e+00 4.698343493813098570e-01 4.035007025355602517e-01 4.552491269613351821e-01 3.387622593630099654e-01 1.788997580136200971e-01 4.206062727493767306e-01 9.998071170181669354e-01 3.271319505321123700e+00
1.729325949147386865e+01 4.712631404385992795e+01 6.427689727970491163e+01 3.302911448579550324e+01 8.280252109374889358e+01 1.155686376712347965e+02 4.467099107469105661e+02 5.118916306421631930e+02 1.459442857902766733e+00 2.496403320796416470e+00 2.873890974715128666e-01 9.565937783416522677e+00 6.041955464464388470e+00 1.395660175798270064e+00 1.092312165837000526e+00 4.773736566128247150e-01 3.940885778352556934e-01 4.572373180161300454e-01 3.462190356180271933e-01 1.900191235530507838e-01 4.206250715993694600e-01 9.979185411020141672e-01 3.197444499997328826e+00
1.732870325615265372e+01 4.706228122253227752e+01 6.419994111614920484e+01 3.304733045506110756e+01 8.282433863539363017e+01 1.156077421443576867e+02 4.466693077783364174e+02 5.119328041904059887e+02 1.501560613797731758e+00 2.610623048145975567e+00 2.156376129984101386e-01 9.648556806682572429e+00 6.084302276140455490e+00 1.392027425713972866e+00 9.988567631859053275e-01 4.836038113324698240e-01 3.870287490225273741e-01 4.504689373658741225e-01 3.338971806207794990e-01 1.701862047268407341e-01 4.110207082361706510e-01 9.994339338830441344e-01 2.965599179389998952e+00
1.736483213217456623e+01 4.704438558709827589e+01 6.417077147674632442e+01 3.310150738485187816e+01 8.284312611668636350e+01 1.155871608084184743e+02 4.466481095061162705e+02 5.119708936809515194e+02 1.517314079287621631e+00 2.663408686215360088e+00 1.557882429091064502e-01 9.702075233877915039e+00 6.100069300305072773e+00 1.403885327681007489e+00 9.251026204090322391e-01 4.857634124038279211e-01 3.820365325656351341e-01 4.369618042891183496e-01 3.251994507710743720e-01 1.586893091189802985e-01 3.967183467906040817e-01 9.993277455232031370e-01 2.744735236742184004e+00
1.739769824393923159e+01 4.699206319402548360e+01 6.407305854720252114e+01 3.314474299195480000e+01 8.285023702260063772e+01 1.156013619158297558e+02 4.466038796566339784e+02 5.120535248165881512e+02 1.550435026586911569e+00 2.735997856545355766e+00 9.522554384822816409e-02 9.805271286001799425e+00 6.120987124332204488e+00 1.404640952901100803e+00 8.192407456369087404e-01 5.172410023394795608e-01 3.752623541550930142e-01 4.265466905173813106e-01 3.139100372600158728e-01 1.405315119344054120e-01 3.846495318375446337e-01 9.991681291040603874e-01 2.438134959084164333e+00
1.741603700894855677e+01 4.699432886749990246e+01 6.409373403052543949e+01 3.321400284690970750e+01 8.287777630791298122e+01 1.155744318582347461e+02 4.466174556684320578e+02 5.120287186995851698e+02 1.530467383131392189e+00 2.623340441320181959e+00 7.708327328973946235e-02 9.760317125544748507e+00 6.085421269652401932e+00 1.432413440133778915e+00 7.866339609932705423e-01 5.380240175778164824e-01 3.611860171000448316e-01 4.204250805918626210e-01 3.056532194186725171e-01 1.441178248399230810e-01 3.797764538913795396e-01 9.995143948943926437e-01 2.329964709367207121e+00
1.744274617458326304e+01 4.701143937610723356e+01 6.411347432062615326e+01 3.326766111821503102e+01 8.291309928904014726e+01 1.155857292813369241e+02 4.466233174873419216e+02 5.120255310166069194e+02 1.521282571420436769e+00 2.548417309751115578e+00 7.345270640472717494e-02 9.755179278400097687e+00 6.074620755219587664e+00 1.452638690925055043e+00 7.450388485378869330e-01 5.499880909191505740e-01 3.503717315124558751e-01 4.233229028587417453e-01 3.014021049179431699e-01 1.418227213668773190e-01 3.797930185663529468e-01 9.999021981525663127e-01 2.199598034096109878e+00
1.746391060025977637e+01 4.699810293739467681e+01 6.414460582260409183e+01 3.330056521338077857e+01 8.292673688313954017e+01 1.155739334576344675e+02 4.466289713989673942e+02 5.120371148748164387e+02 1.532874726671355825e+00 2.489647063925542803e+00 7.156942002641285272e-02 9.734936780661666234e+00 6.047828782836144335e+00 1.465062830391595794e+00 7.156312692250417218e-01 5.704750734933392575e-01 3.438808465130636094e-01 4.275935518156991910e-01 3.049644218415415997e-01 1.353242080984678741e-01 3.810389322438917370e-01 9.988347704225815082e-01 2.110296283883258184e+00
1.747884459609480956e+01 4.698438671415227930e+01 6.410555942263384566e+01 3.334695973218218512e+01 8.293855464386682286e+01 1.155795071806193306e+02 4.466109452892616218e+02 5.120597867221842989e+02 1.545459816737460024e+00 2.511643351530587154e+00 5.460791385941135556e-02 9.761760987789028121e+00 6.040314161102007695e+00 1.461408536707186290e+00 6.606333299954640914e-01 5.958566685258120943e-01 3.386071888932544183e-01 4.196465529379467263e-01 2.875469321471942896e-01 1.156489157848697574e-01 3.737740435614967383e-01 9.948002678662313247e-01 1.929263708409246325e+00
1.750290314943698178e+01 4.695507220134808790e+01 6.409218730117160590e+01 3.338372209977323735e+01 8.294732700418666127e+01 1.155776693955601928e+02 4.466095935153839491e+02 5.120813931939828763e+02 1.550260375157984649e+00 2.521144541541948669e+00 5.225393663634370078e-02 9.777205096219477198e+00 6.037407898257239225e+00 1.465227114998004287e+00 6.222021453024524362e-01 6.091213362209290105e-01 3.344571244934443910e-01 4.177925863618744962e-01 2.816247832931350059e-01 1.026630600649928032e-01 3.748440763087445560e-01 9.982133605314110758e-01 1.805359251718316793e+00
1.750512192397542677e+01 4.693844790642405940e+01 6.408006636439604620e+01 3.338615152716993606e+01 8.293480445183038796e+01 1.155628660151932365e+02 4.466122933269804776e+02 5.120905012945919452e+02 1.548222922578280647e+00 2.552038836548311096e+00 4.975843419603113993e-02 9.782110935363169446e+00 6.027278488288553504e+00 1.460253782547806134e+00 5.994743896740415412e-01 6.180595135825123210e-01 3.344414950660426489e-01 4.179259107424135866e-01 2.843676393362771226e-01 1.082631218203191914e-01 3.727544289959436874e-01 9.989734452176580737e-01 1.767436676060074374e+00
1.750659813725891922e+01 4.693311793297293377e+01 6.405098578139337917e+01 3.340143732296402845e+01 8.295627000958589292e+01 1.155634705187220277e+02 4.465979456034810937e+02 5.121090054014713360e+02 1.561472845977540658e+00 2.589335065857692353e+00 5.075553223543195075e-02 9.790857325619665374e+00 6.031708731710193838e+00 1.461978001835304131e+00 5.717806684547802609e-01 6.296925069833914090e-01 3.286885618123983055e-01 4.194292516028855222e-01 2.861042352786851151e-01 1.045664885494803353e-01 3.767341983814195272e-01 9.981324840216213579e-01 1.676088059503294314e+00
1.751592461944641244e+01 4.693729460639880102e+01 6.406559729044344920e+01 3.343154223317996099e+01 8.295749238454114050e+01 1.155584411916400427e+02 4.465950046441781751e+02 5.121043421742319879e+02 1.547677326741897508e+00 2.546079818117761739e+00 4.751594367482903786e-02 9.781211116054292276e+00 6.026609127898280072e+00 1.463551467916890392e+00 5.552685506136002536e-01 6.341120385608072230e-01 3.251182401202191152e-01 4.161304546692939366e-01 2.891110650007897021e-01 1.107044865993612459e-01 3.708457340659762624e-01 9.987254413825811250e-01 1.642107815632374068e+00
1.753159741047642939e+01 4.693846187920659219e+01 6.407486640770945030e+01 3.347831986767509704e+01 8.297079539096596079e+01 1.155507059261898632e+02 4.465949718836773741e+02 5.121074281019909904e+02 1.530462529047759812e+00 2.490569520978852314e+00 4.756451549840099574e-02 9.778246663391970017e+00 6.001079202168639881e+00 1.471283738439835620e+00 5.217114388512797962e-01 6.519807690410293066e-01 3.255150796343898034e-01 4.206111606801191671e-01 2.896083982418982128e-01 1.089724316718348462e-01 3.758614625490900307e-01 9.994354919850749752e-01 1.537905145920480665e+00
1.753635326608701561e+01 4.693656934598267583e+01 6.407876032017574630e+01 3.348210530177579614e+01 8.297996954525919477e+01 1.155382032770389031e+02 4.465953812880167106e+02 5.121011636831361784e+02 1.521482220286211939e+00 2.461869141645398162e+00 4.736338198566195784e-02 9.770780621312676217e+00 5.982854069150794984e+00 1.482139961909220816e+00 5.231888083360480834e-01 6.526658700227447873e-01 3.166476642144779863e-01 4.196071282145145132e-01 2.931276396639240223e-01 1.253339534295119795e-01 3.737784988582371071e-01 9.990763687506528656e-01 1.494263593517266342e+00
1.752978535191669351e+01 4.693556544159450539e+01 6.405530085170421728e+01 3.346876933525602738e+01 8.297580284514137361e+01 1.155462748700322209e+02 4.465896602283186212e+02 5.120970887514361038e+02 1.528172684039033280e+00 2.489387695154101632e+00 4.937972829734348784e-02 9.778346395684375025e+00 5.986317149457994091e+00 1.471285660447690491e+00 5.290300255007516217e-01 6.540354867943628525e-01 3.178399781631070509e-01 4.250427737691846453e-01 2.946394169461170609e-01 1.254211178156985074e-01 3.778177502182403780e-01 9.979348897547056785e-01 1.505332521942616575e+00
1.754460229917506453e+01 4.691667594972663125e+01 6.404487204278336776e+01 3.349077755326844397e+01 8.298546247416877009e+01 1.155421794459867044e+02 4.465820164547957916e+02 5.121068853524346878e+02 1.529637920122147943e+00 2.463907928939793823e+00 4.554640150156704509e-02 9.786314666152211572e+00 5.987890337213930714e+00 1.480266179449441166e+00 4.977546679438767385e-01 6.762967405580987412e-01 3.191528616449332278e-01 4.241703437459250492e-01 2.926487006776076205e-01 1.234184031432418588e-01 3.790723898137309256e-01 9.985597639624963495e-01 1.386499353216281705e+00
1.755489239142137592e+01 4.691693506772364231e+01 6.405308466965513503e+01 3.349472238450362482e+01 8.298576128969598642e+01 1.155411552630205563e+02 4.465813413143160915e+02 5.121149770152348992e+02 1.518948220425814899e+00 2.473290599094411846e+00 4.625857571686974035e-02 9.782181611431571611e+00 5.979753724167093054e+00 1.482313907619769333e+00 4.926578011802481560e-01 6.756092014316513739e-01 3.201622387772434242e-01 4.258532032813295287e-01 2.965615771304150328e-01 1.300864775156401754e-01 3.799362358724560629e-01 9.967444757576279235e-01 1.370140165819058842e+00
1.754899536019991757e+01 4.691496300698759114e+01 6.403128506936407405e+01 3.347180425160018302e+01 8.297874569413555434e+01 1.155387156988165174e+02 4.465728304385773413e+02 5.121269948267959080e+02 1.532534458432083913e+00 2.526475868248774237e+00 4.793022810230557901e-02 9.791983611412925725e+00 5.993494199736381312e+00 1.463438403008082034e+00 4.900319532668569456e-01 6.780097335515196111e-01 3.231688688174322865e-01 4.281851092068463815e-01 2.982230956402245892e-01 1.268599589186291399e-01 3.847730113694949883e-01 9.998281857704318654e-01 1.361490171979936381e+00
1.755698816618122748e+01 4.692278118255315178e+01 6.407694434617629042e+01 3.349579331166386709e+01 8.298580525750600145e+01 1.155403896932251797e+02 4.465767106604183141e+02 5.120980527440785863e+02 1.489560974842631946e+00 2.426063844439451334e+00 4.779876470226172153e-02 9.745974258368073961e+00 5.961965735259172838e+00 1.473184691789350964e+00 4.829417910650313228e-01 6.850095689408201016e-01 3.129891258769057494e-01 4.306934734054566061e-01 3.044101154183539992e-01 1.517465355538654692e-01 3.817959549880703962e-01 9.980487206713286596e-01 1.316806522403461521e+00
1.756606121404434262e+01 4.691896922864937380e+01 6.408494415715225045e+01 3.350297598549503419e+01 8.298215871847995118e+01 1.155311139399229461e+02 4.465877885978372888e+02 5.120887499578885809e+02 1.490104836539398514e+00 2.381558241819437427e+00 4.705587516259923664e-02 9.739176425770684986e+00 5.941701503061419309e+00 1.491837685081265796e+00 4.790142301079184373e-01 6.849422596826431064e-01 3.230577255207462972e-01 4.302317759960684884e-01 3.095793378072630997e-01 1.624467270549991849e-01 3.832513274023679473e-01 9.936504720968848403e-01 1.316496500777056822e+00
1.757174679443957288e+01 4.691229393439380146e+01 6.404310101002488409e+01 3.346681228936162000e+01 8.298344271845175513e+01 1.155255929949037750e+02 4.465855826158514787e+02 5.121175515142492713e+02 1.503644229386039255e+00 2.471981302727171315e+00 4.402822685372750899e-02 9.772485936232197190e+00 5.962431566278683093e+00 1.470942361419210753e+00 4.703667294838029811e-01 6.836290366214394787e-01 3.357737465071178873e-01 4.269479527242341921e-01 3.033604053788627186e-01 1.437321025404899866e-01 3.800472279552868371e-01 9.955671797833720582e-01 1.283234818581159731e+00
1.757854588693893305e+01 4.691310442727652230e+01 6.404656357988460513e+01 3.347565974403290312e+01 8.298953373986971371e+01 1.155162466198328275e+02 4.465873596215286625e+02 5.121225698272573936e+02 1.490833699766640263e+00 2.472979908220574341e+00 4.298933003570119121e-02 9.766612887220700756e+00 5.944496115013663484e+00 1.486544857197931391e+00 4.643297365789609277e-01 6.981358845703106164e-01 3.310325467213061090e-01 4.263309002412818405e-01 3.054366344694933733e-01 1.545690677518177514e-01 3.808255257861795640e-01 9.983699789116216028e-01 1.242776656020943449e+00
