1.728030766316451405e+01
4.728234313926391508e+01
6.466046748283349643e+01
3.320114666211594567e+01
8.286656155107681343e+01
1.155539685209360528e+02
4.560690515761584019e-01
9.180413924816290816e+00
5.866818904642319588e+00
1.505383406400617741e+00
1.341976774490925672e+00
3.677001853120693831e-01
2.564085250999819099e-01
3.663313130016784269e-01
2.780253262239187340e-01
3.126257158268616609e-01
4.468417836819306217e+02
6.481084186513584200e+01
1.100112024994825077e+00
1.611712170722966686e+00
3.073377373583356387e-01
6.354024865780519837e-01
3.938590098213437418e+00
