9.853446809211471091e+00
5.743326875760633499e+01
5.493231687151963172e+01
2.978129363417851749e+01
7.824088748450884623e+01
1.232486169125674991e+02
9.380387794602302876e+00
2.154105133665318028e-01
1.230850165749646508e-01
4.031726963632070726e-01
1.121434308422629034e+00
2.505092976027666340e-01
1.438928213236132514e-01
4.596232866521240967e-01
2.186624174395164766e-01
2.873372819702765257e-01
4.486335127089320736e+02
5.146212369854213620e+01
1.257114332548880054e+00
1.478072022470393376e+00
2.601264350827010574e-01
8.682254826789234103e-01
3.478731717746966989e+00
