ts0__FREE	ts1__FREE	ts2__FREE	ts3__FREE	ts4__FREE	ts5__FREE	theta0__FREE	theta1__FREE	y0__FREE	y1__FREE	lambda0__FREE	lambda1__FREE	lambda2__FREE	lambda3__FREE	lambda4__FREE	p0__FREE	p1__FREE	p2__FREE	p3__FREE	p4__FREE	beta__FREE	fD__FREE	r__FREE
1.676489847222956442e+01 5.592779463028108466e+01 7.458123842587502850e+01 3.129591951239000736e+01 7.263098606051548245e+01 1.372088330985148446e+02 4.805047936097203092e+02 5.271072234844607465e+02 1.178119631082763075e+00 2.012072326914140064e+00 2.057084768826903165e+00 9.297814233724359390e-02 3.701648421226094499e+00 9.597362258666723989e+00 1.029000046986566996e+00 4.802223163431658670e-01 6.138312157023311233e-01 4.516125786432017564e-01 3.512569095135512076e-01 1.920471557161629872e-01 4.505688189880865391e-01 9.993067373963272493e-01 5.880865582651216172e+00
1.675815330461651342e+01 5.591358548841643028e+01 7.456914115397728438e+01 3.130083665383620328e+01 7.262308615233889952e+01 1.372073086494992253e+02 4.805112326028789198e+02 5.271131767874305751e+02 1.194777671569006383e+00 2.020046510147925911e+00 2.059653289542236365e+00 9.846424070634703096e-02 3.710453299519154591e+00 9.596033057144254030e+00 1.036713618172469431e+00 4.862430115006666220e-01 6.110016676710292582e-01 4.537764814629713928e-01 3.551038454297009150e-01 2.014578345211198718e-01 4.556113300211105388e-01 9.987937374069016938e-01 5.859105754654629017e+00
1.675118216183194519e+01 5.592030755132743280e+01 7.456946769714542711e+01 3.133161682501686229e+01 7.261712210346495056e+01 1.372040635563705280e+02 4.805148509899160558e+02 5.271278570253915632e+02 1.210690026946338538e+00 2.033976590334605650e+00 2.081679839804783771e+00 9.872836829773108669e-02 3.681875712258505295e+00 9.588996529257268975e+00 1.044636653217503985e+00 4.829088752035663457e-01 6.096066335940699688e-01 4.524948727266118742e-01 3.537353795168872717e-01 1.932274131235592052e-01 4.524997423481815217e-01 9.998684446611768584e-01 5.846378685820567078e+00
1.675837719010701932e+01 5.591061907968698108e+01 7.456065775306736043e+01 3.133718206641651705e+01 7.260829487495854551e+01 1.372068647101951626e+02 4.805134583396713310e+02 5.271293059408272939e+02 1.221210614420146889e+00 2.062459087350406950e+00 2.075525801300016404e+00 9.907811457886657458e-02 3.691114258895647815e+00 9.574609837440091198e+00 1.037133059534486090e+00 4.764086800125910681e-01 6.165349472220502669e-01 4.493746564235193697e-01 3.496383676380637184e-01 1.873402422020660762e-01 4.496625397374694466e-01 9.998203547438085925e-01 5.834616596248308085e+00
1.676702852900013241e+01 5.591497346469893870e+01 7.455263513523587449e+01 3.134578875157283662e+01 7.262133485176308056e+01 1.371995895212366179e+02 4.805150563914696136e+02 5.271311774874710636e+02 1.238426132116300371e+00 2.070852151283908427e+00 2.076264631281186546e+00 9.215666909265762818e-02 3.679787456983633742e+00 9.580639025433372424e+00 1.042139489763706628e+00 4.759200664741741749e-01 6.231285181972731069e-01 4.494125117931258018e-01 3.488764518053192321e-01 1.815297464475152667e-01 4.484116233348160452e-01 9.997116242143390119e-01 5.802798824284775669e+00
1.677869027878137942e+01 5.591921682313919462e+01 7.455137420180777497e+01 3.134417029891323381e+01 7.263456548113543931e+01 1.371906991840538126e+02 4.805136252142019657e+02 5.271232136090998210e+02 1.248519280777151019e+00 2.081694645512137676e+00 2.087528747195761092e+00 9.069281853646316005e-02 3.690016238820860384e+00 9.580530315020503451e+00 1.042273712199441871e+00 4.821488798912565432e-01 6.232337418743145729e-01 4.523774418674778031e-01 3.518850746389763362e-01 1.801321494529382061e-01 4.526038725659161099e-01 9.992410257659246620e-01 5.781955644350576407e+00
1.677487660820978022e+01 5.592128745501024412e+01 7.454139446046060868e+01 3.136604682514397169e+01 7.260928458551116194e+01 1.371755434801279989e+02 4.805106610972580370e+02 5.271376646459053745e+02 1.280556436992958291e+00 2.115894611154847560e+00 2.093129577687407927e+00 8.665207473028149754e-02 3.690157903484550417e+00 9.582821221310151572e+00 1.039289300047369080e+00 4.758336576112913163e-01 6.329753319851929572e-01 4.505254555805596195e-01 3.482958157084420359e-01 1.731828359578207743e-01 4.485700784824633303e-01 9.999457502771555983e-01 5.754584548325031967e+00
1.679238907260092617e+01 5.593341591375641286e+01 7.454990398621347936e+01 3.140264419481003699e+01 7.262178064138848299e+01 1.371508709652308085e+02 4.805165743599231405e+02 5.271297084881495039e+02 1.325289594951794880e+00 2.149471347466526350e+00 2.097848461983645940e+00 7.714742566284021885e-02 3.689878099281681312e+00 9.584720646486539763e+00 1.039710093234397448e+00 4.789503028778902549e-01 6.311647241558767663e-01 4.521544585734405541e-01 3.464238763869209037e-01 1.703886202478429313e-01 4.507328258556895784e-01 9.990384473290966350e-01 5.689081675212353417e+00
1.680829418481486925e+01 5.592732984299752275e+01 7.452938343830058443e+01 3.144252590724023833e+01 7.261175793554569680e+01 1.371652449300784724e+02 4.805477971882258430e+02 5.271484976668573381e+02 1.390550383098723808e+00 2.208050498203121492e+00 2.123934381716842346e+00 6.910671681321911564e-02 3.699292546645653879e+00 9.571122481245364355e+00 1.055322104180944409e+00 4.705376065912980077e-01 6.493536063307943085e-01 4.505905037155875092e-01 3.389579186742185946e-01 1.481662082075264342e-01 4.461461227572018906e-01 9.998930452918712852e-01 5.592058086799361227e+00
1.682737747165854358e+01 5.593398228822405116e+01 7.450124127933179352e+01 3.149235544793771524e+01 7.260524155331650320e+01 1.371524759497426658e+02 4.805548434967141134e+02 5.271492553179791685e+02 1.464274393541833863e+00 2.274762301632657913e+00 2.154120744492078465e+00 6.550999700721513164e-02 3.689444902093958589e+00 9.555739105004455780e+00 1.063390408932810560e+00 4.745500355632666367e-01 6.588457113502524942e-01 4.519841899320814482e-01 3.409704993748176038e-01 1.391220724070546255e-01 4.491201428315296229e-01 9.993295179520911287e-01 5.485848611551925380e+00
1.685180827538460235e+01 5.593778300627168676e+01 7.448495596673380703e+01 3.152530258956113585e+01 7.260191311995428975e+01 1.371210518122015003e+02 4.805794252199369225e+02 5.271543947676999551e+02 1.516619397326322449e+00 2.333224987621455693e+00 2.175985567415211985e+00 5.981855370663954202e-02 3.692800428893169951e+00 9.555993689789392675e+00 1.062255146003215467e+00 4.726799714288371645e-01 6.753731608675621612e-01 4.505484868599075599e-01 3.397028756459825605e-01 1.347471177571476775e-01 4.480875837819667251e-01 9.998040064389077664e-01 5.390774511847981287e+00
1.685170492685788801e+01 5.592352909139111006e+01 7.446422240281343363e+01 3.156566552828225269e+01 7.259359695786612576e+01 1.371123367448246029e+02 4.805898898289040631e+02 5.271580738910217860e+02 1.561217628651248468e+00 2.385655968940294525e+00 2.188334476472198808e+00 6.126294067716372971e-02 3.696643627694318202e+00 9.558095169467108576e+00 1.079664221605445729e+00 4.748973435370493212e-01 6.681395390343015661e-01 4.517387359239202205e-01 3.387206465765108532e-01 1.264452075248553575e-01 4.502557078769206522e-01 9.994666612762357349e-01 5.323722490041856936e+00
1.687285763286572760e+01 5.593681883747318295e+01 7.446007585259971506e+01 3.159768320332709379e+01 7.259821077848546622e+01 1.371168643210419020e+02 4.805857461424708958e+02 5.271488074871351728e+02 1.575725008134366112e+00 2.406634157292203202e+00 2.176167897810573848e+00 6.148186941256924415e-02 3.694812964633099828e+00 9.562357097372283121e+00 1.082157982935859630e+00 4.731314927380659840e-01 6.685767469575244482e-01 4.506927071114669725e-01 3.393948017008395213e-01 1.312789187366291688e-01 4.485860724632425578e-01 9.997191608532255414e-01 5.270724488735880620e+00
1.687649632258500532e+01 5.593399432458960518e+01 7.443914440727820647e+01 3.167101986798814295e+01 7.257996106989190821e+01 1.370851551409120077e+02 4.806032560312885380e+02 5.271671673696947664e+02 1.646817495547633348e+00 2.500203513893367813e+00 2.204200003759651416e+00 6.144412341514115389e-02 3.700352691389246829e+00 9.556795655349203500e+00 1.096940974944331293e+00 4.721319169286575246e-01 6.680358506853427691e-01 4.514350568308044265e-01 3.367849836949930453e-01 1.142602205899521384e-01 4.476905082141300340e-01 9.999514277471351908e-01 5.115928146858056635e+00
1.690611573563854364e+01 5.594244347911645576e+01 7.441520119745378281e+01 3.172896008226625142e+01 7.257789240488367000e+01 1.370660447273154148e+02 4.806097434860706699e+02 5.271760124354952950e+02 1.727022034120754723e+00 2.558501055118827416e+00 2.240879261015054524e+00 5.685665242367538008e-02 3.685323210204271227e+00 9.544004362560453814e+00 1.104791954013557786e+00 4.695867744074772032e-01 6.928451262348775952e-01 4.461811992953611528e-01 3.355632354452363075e-01 1.056197638632402347e-01 4.483891313497719855e-01 9.995211767723826135e-01 4.974126895177889196e+00
1.689243378675204355e+01 5.593213682837632916e+01 7.442979299450840358e+01 3.171995326040644159e+01 7.257419064934632047e+01 1.370779357595330907e+02 4.806150216260121510e+02 5.271731617433346173e+02 1.678429090999996154e+00 2.542257408212973413e+00 2.231139052953885926e+00 4.800688910103950713e-02 3.671603837237433776e+00 9.530544073774397162e+00 1.097525879718932229e+00 4.728191053380257358e-01 6.949180725635993872e-01 4.509963185843599009e-01 3.302029135714855124e-01 9.615251562372174876e-02 4.499607665353275721e-01 9.986637115976706447e-01 4.977734481316836934e+00
1.690169341358317467e+01 5.593261177129227946e+01 7.441795260250830779e+01 3.174512387625311050e+01 7.257489664220226189e+01 1.370689665348995447e+02 4.806143564451817269e+02 5.271831028410383624e+02 1.704778833540645300e+00 2.548036174972053924e+00 2.243034238365194888e+00 5.312059820004515903e-02 3.664769675311333241e+00 9.527380350855532143e+00 1.103217147156776434e+00 4.733309210494831554e-01 6.966625028203506931e-01 4.508801432495066486e-01 3.384704666603122192e-01 1.144018056340323497e-01 4.498741139320878712e-01 9.996807021464865217e-01 4.911936647126464273e+00
1.694776356987876653e+01 5.594391406748628270e+01 7.437225243539730002e+01 3.188992218184034400e+01 7.257337105951619094e+01 1.370104208665790679e+02 4.806486849717563814e+02 5.271908545303051596e+02 1.865067735940049376e+00 2.728541788104277277e+00 2.289534981425344284e+00 4.677790839517462218e-02 3.650352906498814498e+00 9.529416242293097028e+00 1.136645207103873956e+00 4.683342199375724602e-01 7.234293875800816842e-01 4.469981693243146315e-01 3.330378357292702596e-01 9.558911319862156697e-02 4.471463696262705789e-01 9.998901541038743845e-01 4.600539416362909861e+00
1.700328738974016574e+01 5.595283978230772703e+01 7.431616335748653057e+01 3.208498134575243199e+01 7.255705720885404730e+01 1.369451917512288617e+02 4.806735455281186660e+02 5.272325724027921297e+02 2.056847039170663471e+00 2.967631486341066882e+00 2.389379030375012203e+00 3.631726351360863025e-02 3.641131887048599136e+00 9.504313347151684965e+00 1.153318442112964082e+00 4.707315565349049491e-01 7.618414155352473127e-01 4.522966665088066218e-01 3.320250387439415141e-01 7.799096840594016422e-02 4.473325317724318739e-01 9.991983827296011533e-01 4.158534363487701668e+00
1.704144686789174301e+01 5.598327081007118977e+01 7.425714898589617974e+01 3.225582952179691887e+01 7.255472810997602551e+01 1.368811732215342829e+02 4.807209606135061790e+02 5.272602226993511749e+02 2.211288990111962338e+00 3.150840470367996637e+00 2.454830489921703052e+00 3.078834462257706850e-02 3.613819031551738892e+00 9.498429014325354913e+00 1.186451131514933754e+00 4.765471580409351149e-01 8.097871185562660612e-01 4.505337617612649725e-01 3.330585047999785608e-01 8.358917302666778182e-02 4.550112225290560142e-01 9.975711330390764076e-01 3.728693945871126125e+00
1.721357399290979018e+01 5.602685615688234577e+01 7.407200724307223538e+01 3.284342608187988333e+01 7.249923989055072582e+01 1.366861861844084558e+02 4.808628729524306777e+02 5.273472472380176441e+02 2.857655562734439769e+00 3.850963689531980538e+00 2.692151513853679567e+00 2.110125130943533295e-02 3.573487080748310341e+00 9.441661275848412416e+00 1.294445695975955379e+00 4.679091203088648343e-01 9.052512781098509542e-01 4.529547103176623235e-01 3.240877017212970834e-01 3.620711350181861354e-02 4.458185946486827311e-01 9.981000543321344454e-01 2.416708998660307639e+00
1.735387531746413714e+01 5.606621865038764696e+01 7.390990957898891622e+01 3.340646073681595141e+01 7.243398163193197092e+01 1.364820415196809620e+02 4.809992696941582722e+02 5.274622972703342612e+02 3.454302021550167634e+00 4.526751037458788929e+00 2.934757949021238321e+00 1.514836273280546763e-02 3.531195337360720110e+00 9.387066814621837452e+00 1.378981787992989760e+00 4.640493145606436887e-01 9.988823346878590304e-01 4.468339637030335210e-01 3.203309940051410343e-01 1.460411950790034032e-02 4.434487106170224013e-01 9.979984264321239973e-01 1.148907311029312206e+00
1.740542380247699583e+01 5.610994180694455480e+01 7.388505899341555505e+01 3.360891436463249704e+01 7.245171840595736512e+01 1.364070234382338924e+02 4.810557703094995077e+02 5.274882042784465739e+02 3.664641277658396312e+00 4.785690838731395225e+00 3.033197958080149359e+00 1.991041928297555483e-02 3.517239542339964498e+00 9.349329110530831599e+00 1.405487051530154519e+00 4.654240372495069833e-01 9.962071457216092885e-01 4.413640832648396128e-01 3.296115956698184024e-01 2.557656568929361773e-02 4.482531051933077992e-01 9.995433756319461738e-01 6.424660585850242578e-01
1.739501697890010590e+01 5.610227045795819123e+01 7.387544403199218834e+01 3.363108316145520860e+01 7.243153210213785087e+01 1.364262050665005859e+02 4.810424149719113984e+02 5.274803966310015539e+02 3.648207058101790690e+00 4.786887751196773344e+00 3.026597481840409998e+00 1.668395240777506908e-02 3.500356574849424529e+00 9.357543479624132132e+00 1.397441104187416627e+00 4.701886789438943226e-01 9.880292477734252676e-01 4.475295005866392062e-01 3.387566483767163739e-01 4.134583320328488742e-02 4.430874777865388414e-01 9.995373609297670825e-01 5.552604551308002456e-01
1.740289987502054814e+01 5.611144019134150795e+01 7.390497650860588408e+01 3.359814672124884538e+01 7.244533432320920951e+01 1.364388231365919637e+02 4.810236779709205166e+02 5.274753678044756953e+02 3.571619558734411726e+00 4.782911587178494628e+00 3.026579893621238249e+00 2.184172181361308113e-02 3.511999781135990428e+00 9.348053967658540131e+00 1.394053686593268893e+00 4.647804753593003380e-01 9.698079764445208806e-01 4.402211509380824506e-01 3.451496409336396454e-01 8.204854724970667146e-02 4.437541881857484660e-01 9.923186339978181669e-01 6.025713901439878617e-01
1.743690399179914152e+01 5.611573355004190233e+01 7.391706380313230795e+01 3.357542766294847070e+01 7.246721763520574200e+01 1.364314739410488357e+02 4.810117008225979021e+02 5.274566685678979638e+02 3.525052273852868012e+00 4.762840441047107021e+00 3.008239898133317602e+00 2.197407423422288383e-02 3.542182256206851676e+00 9.359982605315748216e+00 1.401423745287077471e+00 4.741207320651900647e-01 9.498965627545643553e-01 4.441156177393141280e-01 3.533925202950918831e-01 9.440201031860918912e-02 4.500241137712717721e-01 9.981863002608940549e-01 5.949824878609948353e-01
1.742897940918221877e+01 5.613380004121307110e+01 7.393094719377710078e+01 3.357680047094605413e+01 7.247289290354233060e+01 1.364497452149463186e+02 4.810232350780029833e+02 5.274504822395715564e+02 3.461202577368481581e+00 4.766840666274608118e+00 2.995547314302912767e+00 2.186574141409746916e-02 3.584305651151583838e+00 9.369351810124882718e+00 1.408952760659431869e+00 4.841264845144840900e-01 9.115071149394978756e-01 4.514974195621253572e-01 3.617995645512849245e-01 1.194346261670788389e-01 4.540352713422932673e-01 9.980236235562822689e-01 5.178393484805166036e-01
1.743520167809515797e+01 5.615546753459762641e+01 7.390673735981096115e+01 3.356215683880331113e+01 7.249500748181213794e+01 1.364532012628428959e+02 4.810086751429029732e+02 5.274558642601160727e+02 3.409149151468032546e+00 4.734937207077427601e+00 2.987787186378301652e+00 2.089691786826297290e-02 3.605692248737272010e+00 9.383693800210021863e+00 1.384459799332453889e+00 4.958292292212546637e-01 9.215732345755900390e-01 4.585062537132564287e-01 3.595961326771652811e-01 1.010843143340854483e-01 4.632231293720450171e-01 9.988104805566951905e-01 5.467221738213614568e-01
1.741159279681236782e+01 5.617361694587622623e+01 7.392616489505044797e+01 3.349463256265203626e+01 7.250479282786639601e+01 1.364743414592850002e+02 4.809797128963867294e+02 5.274370489881164303e+02 3.281076967969004166e+00 4.660022871717017345e+00 2.947964996725373599e+00 2.368060867723643242e-02 3.603520142316502195e+00 9.403213092216107682e+00 1.373153094186437162e+00 4.888318378094249628e-01 8.942136742627287971e-01 4.497527544096648899e-01 3.588706933676882871e-01 1.225059880207907542e-01 4.626568341074357438e-01 9.975548965047241756e-01 6.289755400990014733e-01
1.741150714008208666e+01 5.615710165613496230e+01 7.393509208916063358e+01 3.345310873176048005e+01 7.252092157992760235e+01 1.364737706374476147e+02 4.809805308158610728e+02 5.274079367316486469e+02 3.216078761606897096e+00 4.631515623891985456e+00 2.937806404665033622e+00 3.107958296280289440e-02 3.606438700560991695e+00 9.430159579607991560e+00 1.371492898866558674e+00 4.712284298772772551e-01 8.589506518695447790e-01 4.415897886659300720e-01 3.536151006616283232e-01 1.194434286315295968e-01 4.489535800875009142e-01 9.992550015610986991e-01 6.610441179660531130e-01
1.740586460389892665e+01 5.615272449563448731e+01 7.396107316230623496e+01 3.344343784335487157e+01 7.252749157847755157e+01 1.364840757457435529e+02 4.809952237331983724e+02 5.274079630669871221e+02 3.129134974567119976e+00 4.619560142128422697e+00 2.950387070399080436e+00 3.681827424296079537e-02 3.635549486367527283e+00 9.435079400292627483e+00 1.380794816359070643e+00 4.805077687011304333e-01 8.201537795874389580e-01 4.437325006016978879e-01 3.662249356437383141e-01 1.466013106727556692e-01 4.538127096900276269e-01 9.992558177713453116e-01 6.287523873891587289e-01
1.737080863350482218e+01 5.616686437246124086e+01 7.398988730624427035e+01 3.340077368972376348e+01 7.252555281517699370e+01 1.365128079376143262e+02 4.809649629451825490e+02 5.274143037668229681e+02 3.048728550216724731e+00 4.591959757206756976e+00 2.958419211937281634e+00 4.047521666558304143e-02 3.650946812555995180e+00 9.439287393362947753e+00 1.356621276482803840e+00 4.706286849644380488e-01 7.715374791805806876e-01 4.475957114738962628e-01 3.595286656531632707e-01 1.494943551796921732e-01 4.449009479529800748e-01 9.977373131939173412e-01 6.167760948128367948e-01
1.737268125106878358e+01 5.619503976130825862e+01 7.396939887841388384e+01 3.335628123686614543e+01 7.253409742757686729e+01 1.365414878397002667e+02 4.809413888856039421e+02 5.274089501223354546e+02 2.895424333876819301e+00 4.552405586285307670e+00 2.958312716707506063e+00 4.896829881605679197e-02 3.658400628077004946e+00 9.453483645222490850e+00 1.355188859779068000e+00 4.875484699034156044e-01 7.016911296227628103e-01 4.556651544874509852e-01 3.630306168604035544e-01 1.546880415263863773e-01 4.543526269086587410e-01 9.993404736090217844e-01 5.961840077860093290e-01
1.736703533350713968e+01 5.621657463922412745e+01 7.401384145868149744e+01 3.323634865935559901e+01 7.257859127942521127e+01 1.365882176244950870e+02 4.809214730387532200e+02 5.273741947097362299e+02 2.654800223256418956e+00 4.423837295498935340e+00 2.919309531983884654e+00 7.851038553268491205e-02 3.697203840785717510e+00 9.480596975995258191e+00 1.315719036636633366e+00 4.815689480224910057e-01 6.274653144610660149e-01 4.582598029596886002e-01 3.538286085248652513e-01 1.758409829730663565e-01 4.548586793500998815e-01 9.978984591674204818e-01 6.686713338023121400e-01
1.737495224465537902e+01 5.620629976859127908e+01 7.402214531705435263e+01 3.318216586675962532e+01 7.259276355372145417e+01 1.366168204921735025e+02 4.809060141683547158e+02 5.273833422315798316e+02 2.608414312636891275e+00 4.380447838847879360e+00 2.908731134268899954e+00 8.319992362547969089e-02 3.681874695011006615e+00 9.480764112971602486e+00 1.320310499142124394e+00 4.941847468770971807e-01 6.266866122079965962e-01 4.572909758697173421e-01 3.646665621829500159e-01 1.565324328380051644e-01 4.619400715450730499e-01 9.920461998842540208e-01 7.174516410679899758e-01
1.735612309271200715e+01 5.620752823703249845e+01 7.402859115494203479e+01 3.312681097517872075e+01 7.259656076126891833e+01 1.366592130105236436e+02 4.808584579255024209e+02 5.274031711544358814e+02 2.479055365932725685e+00 4.366420450293834854e+00 2.903495156128767185e+00 1.115560395383577846e-01 3.703513885419898344e+00 9.490302596800908930e+00 1.293651915928028417e+00 4.849816317151549594e-01 6.036793623183005497e-01 4.538164887517195378e-01 3.570155435435242719e-01 1.459743751488235819e-01 4.566381538818342634e-01 9.990913399858958321e-01 6.722586573738871252e-01
1.735775256473872830e+01 5.623700371627643335e+01 7.406177733042949285e+01 3.302458682466705397e+01 7.262831762008273984e+01 1.367203503843325905e+02 4.808162725072905346e+02 5.274191736136950794e+02 2.288010937749639151e+00 4.274626044295962046e+00 2.892547721160222629e+00 1.107949909766154928e-01 3.714902067660218243e+00 9.491790878383303820e+00 1.276243085378035991e+00 4.726287953653735552e-01 5.704600254782777879e-01 4.548426993995035583e-01 3.472175769214456698e-01 1.174497240330549669e-01 4.446319953200230657e-01 9.986297197217746113e-01 7.361219125852465073e-01
1.735002292292894310e+01 5.623783222476792787e+01 7.409748209341100278e+01 3.294328102370386091e+01 7.263980002182984208e+01 1.367519898509622180e+02 4.808132073672681486e+02 5.273945241466412881e+02 2.247141182916168933e+00 4.243700168118107463e+00 2.905462713513569106e+00 1.190212238721027882e-01 3.740688259346142353e+00 9.499725619676670618e+00 1.265295511105480886e+00 4.728889308626487709e-01 5.621977189665869901e-01 4.551322028292720812e-01 3.329452259444539153e-01 7.759773495080732331e-02 4.486916110166668248e-01 9.980898375240804254e-01 7.768570331633957160e-01
1.734488288673694356e+01 5.625760990164109643e+01 7.414643928020390717e+01 3.283124092362498914e+01 7.268577574157252741e+01 1.367958852839514918e+02 4.807691784235018986e+02 5.274128940597379369e+02 1.967799348702456097e+00 4.125854616731809976e+00 2.887857022336691060e+00 1.588092364022989089e-01 3.780743962631649691e+00 9.543954833377219060e+00 1.264566370164686759e+00 4.856154857780692891e-01 5.359169249733054530e-01 4.614738321594569759e-01 3.409759973305523939e-01 9.424918055218217683e-02 4.574552284722774309e-01 9.995306890520786469e-01 8.018105429811999141e-01
1.735729791723283810e+01 5.629481185183293945e+01 7.414098824966136192e+01 3.274382070507463283e+01 7.271557040245266990e+01 1.368709832777544761e+02 4.807637609353301968e+02 5.274137849593726060e+02 1.765134193975497867e+00 4.065241027891133285e+00 2.846073884586005409e+00 2.051907662973193325e-01 3.795044699036309144e+00 9.583869540723148006e+00 1.242891405249693104e+00 4.878046124265881800e-01 5.114218847144988978e-01 4.635990201811505118e-01 3.393665212570136647e-01 1.058830259852382022e-01 4.594217985723932363e-01 9.940048248132803410e-01 7.840202620129583799e-01
1.734891293418872493e+01 5.630009715173528662e+01 7.418043933087291464e+01 3.264687859797258085e+01 7.273315003749054597e+01 1.369113279547444222e+02 4.807563788889841021e+02 5.274276840795836279e+02 1.604608763190545462e+00 3.976848274015646112e+00 2.803890362576613171e+00 1.953183790159953581e-01 3.817007670011475007e+00 9.585304715075245952e+00 1.228562455432596900e+00 4.749601445010964151e-01 5.136169579608208524e-01 4.594451594068529321e-01 3.304871650441018605e-01 9.024271731572955368e-02 4.489348253851801474e-01 9.997671727313915957e-01 8.771882843383903561e-01
1.734248912377491436e+01 5.629742980302803801e+01 7.420886567564350855e+01 3.265264607518145823e+01 7.274965130028269300e+01 1.369188940567416637e+02 4.807712694770422104e+02 5.274321073071578212e+02 1.534885009813815593e+00 3.952632770999662704e+00 2.798989047220427295e+00 1.966057065910568613e-01 3.827153362866283715e+00 9.578008910031963197e+00 1.209571004068154654e+00 4.790070024398150328e-01 5.030736112480364008e-01 4.638779364546707917e-01 3.328319090572331440e-01 1.077750696302328531e-01 4.492138527544209947e-01 9.911084419195776984e-01 8.415643740359231018e-01
1.734937897814765151e+01 5.627857432186779363e+01 7.420973951024424764e+01 3.265803228858499807e+01 7.270693045319806913e+01 1.369255047379217274e+02 4.807678339157025107e+02 5.274402220298629800e+02 1.587732301060612583e+00 3.976811563412038453e+00 2.772849790957031324e+00 1.943691287880681962e-01 3.799088819610740853e+00 9.588021806495193644e+00 1.202323894471686527e+00 4.732904865378018688e-01 5.455350699048933105e-01 4.543051844337522294e-01 3.389438474802144441e-01 1.128981682164019867e-01 4.515726760945371066e-01 9.988594531995567127e-01 8.901634524345531929e-01
1.732816346581436306e+01 5.631494832710605891e+01 7.421036730464936682e+01 3.263604635924741615e+01 7.272868528722263193e+01 1.369619439891554862e+02 4.807466739277799093e+02 5.274274636434848844e+02 1.425285612019519199e+00 3.958025664988330750e+00 2.754960272167965130e+00 2.422077236357740582e-01 3.828276834954750907e+00 9.614673060664779669e+00 1.190884789665709764e+00 4.646210416719062097e-01 5.337107768584351541e-01 4.463205955466285624e-01 3.398865501319531801e-01 1.398320920594049721e-01 4.447647804113584735e-01 9.965883490798630451e-01 8.271184439462260229e-01
1.729011151736856178e+01 5.633925135423419306e+01 7.426932113911342981e+01 3.254534048506661748e+01 7.275363428767286678e+01 1.370441814213162388e+02 4.807149094004496419e+02 5.274394006709356972e+02 1.262037817889556601e+00 3.825715823590439602e+00 2.740505136338819092e+00 2.911534164306114891e-01 3.851563889591520073e+00 9.657235274151325655e+00 1.160198094530802360e+00 4.653457644122153125e-01 5.206632232370047575e-01 4.500447100207954909e-01 3.343495030992365558e-01 1.343414918277971437e-01 4.451643951063409821e-01 9.950003329730120472e-01 9.066521202841366645e-01
1.730073759749964069e+01 5.634523192443960937e+01 7.423399178271860421e+01 3.262120265767818950e+01 7.274085246630039592e+01 1.370066022008941218e+02 4.807276655142155164e+02 5.274192165680534572e+02 1.369235325977564033e+00 3.887181120410690749e+00 2.757818555136341221e+00 2.860243898533516571e-01 3.876638255375174147e+00 9.658747558360101237e+00 1.175613480369509078e+00 4.711982420473381783e-01 5.344258815291672571e-01 4.470686008430794223e-01 3.462263810370246331e-01 1.313744315934557427e-01 4.483626030932491013e-01 9.932706352243314551e-01 8.025474283163492872e-01
1.726664656014108346e+01 5.635808963590237397e+01 7.427339733325848670e+01 3.253462021887798272e+01 7.275238109586682356e+01 1.370810205411347056e+02 4.806952359699961335e+02 5.274250465325889081e+02 1.197608823623279806e+00 3.767033334158779390e+00 2.730353859422644636e+00 3.200531940532495012e-01 3.927396815465164170e+00 9.686423285725831889e+00 1.148026380632763965e+00 4.639991278810242648e-01 5.326613426984535549e-01 4.397639335363582314e-01 3.484301935120094895e-01 1.563978930344668838e-01 4.433867882653331760e-01 9.974072002160324635e-01 9.080035945084311555e-01
1.726459455470355664e+01 5.633971501539431870e+01 7.424136260301250445e+01 3.257725261164584651e+01 7.272824074277453121e+01 1.370070582319730761e+02 4.807141495957058623e+02 5.274554996311275090e+02 1.340094052810127723e+00 3.837901773853323206e+00 2.751224356600162402e+00 3.072127884537113052e-01 3.889363765744946910e+00 9.682535131572942433e+00 1.157887789383990951e+00 4.687711027683827414e-01 5.332661749693982101e-01 4.438419512011278489e-01 3.465079747177564617e-01 1.335488393360254322e-01 4.458607957522772169e-01 9.991234237143681307e-01 8.342671293826794399e-01
1.725979676465651025e+01 5.633637106962098073e+01 7.426506284562107396e+01 3.252828740424462239e+01 7.271335510154081305e+01 1.370265323861548552e+02 4.806773838020285439e+02 5.274430184847335568e+02 1.239024569568175416e+00 3.822114039410069886e+00 2.716121190802954999e+00 3.263656545453533231e-01 3.925997041147522015e+00 9.670469482231027314e+00 1.169327341700504785e+00 4.738128774533281184e-01 5.266484712093987275e-01 4.489880732868667401e-01 3.432722392783823517e-01 1.477483244331072032e-01 4.520304923227068672e-01 9.961337336895307315e-01 8.360104442366950162e-01
1.726020630868129757e+01 5.636715828198894940e+01 7.429187706115719436e+01 3.252488002621678476e+01 7.274712970161765213e+01 1.370370580120744535e+02 4.806783806636309464e+02 5.274631338441902244e+02 1.224479957244758666e+00 3.831188854598516436e+00 2.759991526457347355e+00 3.367381949244873107e-01 3.930694586966524184e+00 9.676447218979973286e+00 1.156584208189310736e+00 4.698858266969944686e-01 5.215795591107520446e-01 4.488919064042624640e-01 3.435888286484414245e-01 1.455186823192730072e-01 4.479285242154185664e-01 9.930845102283143433e-01 7.837374336544553621e-01
1.674451825424323204e+01 5.585185911773093892e+01 7.455779156649749950e+01 3.126877238216746235e+01 7.272704680728573123e+01 1.369783281493380116e+02 4.805033749485767203e+02 5.271818882602423173e+02 1.177886020068378947e+00 1.903863352251513374e+00 2.004173604885099103e+00 1.073841758008683422e-01 3.674839322960644417e+00 9.568286590010529835e+00 9.221334429754400874e-01 4.812794329768555479e-01 5.991002131881689730e-01 4.527235922919651268e-01 3.522960942920206895e-01 2.075166018468680429e-01 4.521737005335981774e-01 9.993197172137409101e-01 6.041359377012349263e+00
1.674805221517321385e+01 5.586530659172194646e+01 7.458132740000652916e+01 3.126174134131392890e+01 7.272033595589114441e+01 1.369946501488094555e+02 4.805034999305585757e+02 5.271800209877873158e+02 1.200714215115550543e+00 1.921433835359920739e+00 1.990516253780262534e+00 1.101224023307019739e-01 3.671450822889473553e+00 9.557938790203296620e+00 9.394016688957325112e-01 4.763697515502293145e-01 6.023961583725778723e-01 4.491750016318150074e-01 3.509335279772031191e-01 1.947059616377158908e-01 4.476152704045123776e-01 9.999134617713552053e-01 6.024610541288944354e+00
1.675365191814169563e+01 5.585580922640275503e+01 7.457968347337417470e+01 3.126289642583934381e+01 7.271872344353971584e+01 1.370005845934861952e+02 4.804983535454681487e+02 5.271744933829286310e+02 1.206183131901108485e+00 1.937383737404794637e+00 1.996835944050249001e+00 1.113247815251032086e-01 3.664911103122916014e+00 9.558980225893103366e+00 9.371439753651675808e-01 4.801695889911943849e-01 6.063389414326052496e-01 4.509547605463823938e-01 3.519782248715270789e-01 1.951033576843142769e-01 4.517435164957330218e-01 9.990845228568911995e-01 6.017318683105266075e+00
1.675900462062270080e+01 5.585653490355213080e+01 7.459582041071375613e+01 3.126989204693975211e+01 7.271412045796181189e+01 1.369899787832367224e+02 4.804860998088266797e+02 5.271683107326100526e+02 1.204941691500299727e+00 1.952457542922484190e+00 1.991353751405902983e+00 1.058424404945668418e-01 3.670159911828501542e+00 9.564388187415636011e+00 9.334804661938714831e-01 4.830519993530673628e-01 5.936017604863791375e-01 4.538078118372411152e-01 3.536985949858470479e-01 1.977422557543745407e-01 4.509916547373074569e-01 9.997160270656811898e-01 5.997421923065489047e+00
1.674524006429843936e+01 5.585814847580957121e+01 7.462216942873878622e+01 3.127406635785723665e+01 7.269027736118174232e+01 1.370013240198602489e+02 4.804760378361340827e+02 5.271786909492230961e+02 1.218615523977255588e+00 1.971562473306841090e+00 1.972726498536084172e+00 1.108210699561693324e-01 3.682107112113887748e+00 9.557029437949147166e+00 9.397587477722366689e-01 4.817705403969931854e-01 5.992045794591758234e-01 4.520946065060592600e-01 3.508360779999355472e-01 1.857668501666444316e-01 4.517821446879442537e-01 9.993198185258548305e-01 5.968212456102218511e+00
1.676137350578471086e+01 5.588158217372896530e+01 7.464300936077698623e+01 3.127298982704141395e+01 7.268029054509811715e+01 1.370139546169884284e+02 4.804776384570210439e+02 5.271773878591727680e+02 1.222813076428804324e+00 2.022411416705398146e+00 1.960599336644409663e+00 1.218014517603273755e-01 3.691647724799175911e+00 9.549434715401497797e+00 9.271975884102807708e-01 4.781297139629463455e-01 5.942002006940980685e-01 4.513882457899324741e-01 3.504423795378233675e-01 1.894616581016476120e-01 4.490251711686871205e-01 9.995499795392180920e-01 5.939776088347427319e+00
1.676188195920723700e+01 5.589802002201229669e+01 7.466296567298752507e+01 3.128172960135342962e+01 7.266875878108237430e+01 1.370251849855562227e+02 4.804791422139555266e+02 5.271640836829882346e+02 1.239116767518155360e+00 2.048039128469244297e+00 1.960631026420659673e+00 1.238702407823289997e-01 3.702966833721073048e+00 9.532617389437742617e+00 9.252782302571231909e-01 4.746201894714678904e-01 5.839255206135689491e-01 4.504851962925697784e-01 3.444405522128139996e-01 1.782126116500220292e-01 4.479279382994512115e-01 9.999161311419234588e-01 5.923365658263476163e+00
1.677864391470238559e+01 5.593014117667824081e+01 7.469523891261255244e+01 3.128514811772109283e+01 7.265290907097053719e+01 1.370191235188829637e+02 4.804863883110357392e+02 5.271757817155285011e+02 1.267029525541160329e+00 2.105702905533176406e+00 1.951545298130545225e+00 1.370600651792051039e-01 3.712100554487859583e+00 9.523330717572145332e+00 9.186900130001066644e-01 4.757576490357630083e-01 5.747602187906560856e-01 4.507214258609472668e-01 3.465399805290407809e-01 1.795079663435493467e-01 4.488411889258271947e-01 9.997644959557790978e-01 5.902426032506137510e+00
1.680371426938673451e+01 5.593715174169685866e+01 7.473411602392127406e+01 3.128684278134903352e+01 7.261642346663138881e+01 1.370263011682433216e+02 4.804680614619003336e+02 5.271833956836222796e+02 1.273363013308677294e+00 2.166744047372703985e+00 1.930186365691489714e+00 1.521977360980251437e-01 3.725657815837489117e+00 9.502330556127260408e+00 9.191601046801952668e-01 4.812811324903736865e-01 5.667773728109611886e-01 4.538399325713098897e-01 3.480916487075115806e-01 1.725515973295211336e-01 4.518271569722701608e-01 9.998727994796998697e-01 5.860962073736173394e+00
1.683233390131753993e+01 5.597425061887948772e+01 7.478410057822824797e+01 3.128406009843131841e+01 7.257999870263677167e+01 1.370474688698010937e+02 4.804511711196618080e+02 5.271994986389880751e+02 1.299916010037651670e+00 2.275102217169360230e+00 1.901430184012120383e+00 1.669456739506526288e-01 3.754704874935513637e+00 9.477787021639665355e+00 9.113776629640097937e-01 4.784030524431441278e-01 5.656523841000909991e-01 4.507528772490857483e-01 3.462975940883730175e-01 1.608746879658530804e-01 4.502846133432072406e-01 9.988571691319870771e-01 5.809055230177444962e+00
1.684382996695078560e+01 5.598249493267552879e+01 7.483521026691016687e+01 3.129106945408352658e+01 7.256214041854750008e+01 1.370687325267171559e+02 4.804306412639239170e+02 5.271910232958507549e+02 1.326460382064617027e+00 2.345183530851604470e+00 1.887909270912039528e+00 1.755471708605383929e-01 3.755287731255912753e+00 9.449514524437049090e+00 9.220013474138808451e-01 4.739756894636769635e-01 5.635831512416328293e-01 4.483299370262014971e-01 3.428594105806351267e-01 1.522253947127414908e-01 4.486390466222940909e-01 9.997539819925399529e-01 5.766281691629932205e+00
1.687057305086960923e+01 5.601099555037927757e+01 7.486580870436831958e+01 3.131223726265276852e+01 7.253491461699017862e+01 1.370825534625145394e+02 4.804119902190019502e+02 5.271992027911045398e+02 1.338184567968629057e+00 2.392691793063504768e+00 1.870482638140905207e+00 1.855018630849313843e-01 3.766447467333483345e+00 9.449822342982406198e+00 9.214843219978681166e-01 4.754223154841743515e-01 5.518533226038431216e-01 4.516653423129633471e-01 3.425332445230671041e-01 1.504822541099305466e-01 4.479813965958016619e-01 9.996384552792553224e-01 5.720942765609334124e+00
1.691200765276975915e+01 5.605240037119499164e+01 7.494595139616964730e+01 3.132039364876070309e+01 7.247029591578676389e+01 1.371114097774129732e+02 4.803939933916204268e+02 5.271856095593795999e+02 1.379195802896474143e+00 2.509845589886884554e+00 1.843567798979855565e+00 2.133450854973933664e-01 3.777479708372636580e+00 9.429470953789705234e+00 9.372831056400076077e-01 4.713486561121046359e-01 5.400991650279386436e-01 4.505467084682717172e-01 3.361498614336220214e-01 1.332390719559634062e-01 4.465096111935136780e-01 9.997271990512788253e-01 5.633340799116658637e+00
1.692072078068545693e+01 5.608860963587303416e+01 7.498287009674179160e+01 3.131729052869928154e+01 7.242497772575906367e+01 1.371143825487012293e+02 4.803605117536221769e+02 5.271946288995932264e+02 1.404266521731214246e+00 2.580407138021683977e+00 1.828373855212939825e+00 2.245213148704381101e-01 3.793315601089334521e+00 9.412060739305266210e+00 9.290255152852641141e-01 4.809454387114349694e-01 5.259873404293863297e-01 4.562213677504741161e-01 3.409195829617777673e-01 1.341945173989239071e-01 4.515079590644929808e-01 9.999804073108241598e-01 5.573709139804716273e+00
1.693462335967956633e+01 5.609280222446146524e+01 7.500521154254631995e+01 3.131681753044567884e+01 7.240659115699456549e+01 1.371200126806305661e+02 4.803648852965701508e+02 5.272008954544439803e+02 1.400518524302508228e+00 2.601482241459608158e+00 1.817351596247279266e+00 2.309265037118003461e-01 3.792523404996057224e+00 9.396120897150163742e+00 9.584755267986336813e-01 4.801700110320064052e-01 5.228042918529517413e-01 4.551292952873080000e-01 3.392688723685330365e-01 1.291050018402931099e-01 4.503908068439631540e-01 9.999530486431180698e-01 5.554968660236614397e+00
1.697566071254701825e+01 5.610871248276438195e+01 7.505753553739994288e+01 3.133770046892635364e+01 7.238804612855555831e+01 1.371363763158462632e+02 4.803600554820766888e+02 5.272095998818824683e+02 1.420928390908237748e+00 2.656740442857681295e+00 1.784224771896228745e+00 2.408986155901606530e-01 3.802597836228368777e+00 9.394230780278173043e+00 9.560468890990593271e-01 4.703722576638832975e-01 5.340971140581179943e-01 4.477857009332729121e-01 3.394327544394026841e-01 1.350305402912027886e-01 4.458635923267585954e-01 9.999012923822070409e-01 5.502627242511034744e+00
1.698535203799032800e+01 5.612603954563192588e+01 7.509646791731859139e+01 3.135545113990047028e+01 7.235259727870054292e+01 1.371565319152300617e+02 4.803304364689000749e+02 5.272094828272045106e+02 1.453342370950710283e+00 2.761740605297106299e+00 1.777234491596349164e+00 2.502959341219045397e-01 3.806667596017131672e+00 9.365922046716965710e+00 9.614312587258299070e-01 4.742790049889397674e-01 5.278389062760241446e-01 4.502987544643417550e-01 3.386405470340990709e-01 1.264721801176275084e-01 4.480367597433871363e-01 9.990172966508528152e-01 5.429470596423608519e+00
1.700444551560589090e+01 5.614220942619684251e+01 7.515256816316585287e+01 3.136094830290004154e+01 7.230435346753959891e+01 1.371715096320890268e+02 4.803075908855034299e+02 5.272120139377382202e+02 1.473989099298291361e+00 2.837062842998003376e+00 1.766730659994687924e+00 2.715189277018861813e-01 3.810498082701616607e+00 9.340823840482894269e+00 9.604154425237737547e-01 4.731359652414597883e-01 5.257045203869000760e-01 4.483636048596006951e-01 3.375071056906567835e-01 1.199923928574724019e-01 4.481639901466918929e-01 9.999344963140307518e-01 5.346007290258297573e+00
1.707905332532005005e+01 5.621828880349332991e+01 7.528586644934995320e+01 3.137319098662826988e+01 7.221088475835979636e+01 1.372218914083177594e+02 4.802614683914296165e+02 5.272121778619742827e+02 1.530320393042750027e+00 3.063427837097989936e+00 1.709449870687112627e+00 3.110265436887533208e-01 3.843258115703952704e+00 9.269290415402752004e+00 9.604449808978670067e-01 4.792345984073651532e-01 5.068630977903880730e-01 4.540274685993985204e-01 3.367374881088202598e-01 1.130073108517202496e-01 4.504483731489707932e-01 9.995037847497928452e-01 5.170318782497574261e+00
1.710843795281579105e+01 5.626621346108190380e+01 7.537759184781339172e+01 3.138574642972144346e+01 7.213512356451073515e+01 1.372510682680369030e+02 4.802130233899712834e+02 5.272059612564866029e+02 1.570346321518667265e+00 3.203867257303619986e+00 1.674487610631155032e+00 3.509562264859604763e-01 3.867581114046426016e+00 9.242837773060529116e+00 9.571371884555468501e-01 4.810720312359174633e-01 5.081944238600198949e-01 4.526239398537639236e-01 3.408023117206514518e-01 1.196053177740949297e-01 4.526621713687999926e-01 9.993379838574304452e-01 5.073340534884249742e+00
1.724203618379707237e+01 5.639918130581188649e+01 7.560545536915482501e+01 3.142408141818535228e+01 7.194898351811765735e+01 1.373202913344794069e+02 4.801460778776499296e+02 5.272104388550834528e+02 1.694180090925207383e+00 3.600883036497546819e+00 1.584491280109799005e+00 4.165117753514415155e-01 3.935339885499271162e+00 9.153052869348179854e+00 9.635297228671029224e-01 4.656330579458111685e-01 4.973578216426712273e-01 4.450258019723516978e-01 3.269856449482597127e-01 9.099887490642677434e-02 4.440034993356918314e-01 9.998515939043104428e-01 4.786673926150643688e+00
1.729401956397228091e+01 5.644516494038973065e+01 7.572548889987695020e+01 3.144086534904177554e+01 7.187221548593302600e+01 1.373606828034635612e+02 4.801087055741595009e+02 5.272171855560369522e+02 1.728161614882030683e+00 3.775311220271660773e+00 1.532944436342571715e+00 4.566356665458073949e-01 3.969912457061470334e+00 9.101256856464774003e+00 9.722090231711533193e-01 4.705817089615649262e-01 4.899141839717881530e-01 4.489688384612140482e-01 3.308892808681991315e-01 8.462251159322008165e-02 4.437665837647470357e-01 9.994579048892652251e-01 4.635175676960877844e+00
1.734106529420336074e+01 5.650858672738007016e+01 7.582480940699220184e+01 3.145860545531943586e+01 7.179374987379438267e+01 1.373901002660237793e+02 4.800898930015327437e+02 5.272078136142444009e+02 1.751505832445769961e+00 3.922481424764405311e+00 1.492810956382835563e+00 4.999396716975940680e-01 3.977741248305776356e+00 9.074249722687754982e+00 9.736441943446043634e-01 4.693511278789291863e-01 4.958973725471075289e-01 4.459515868363463365e-01 3.293466830971839565e-01 8.264856546850264662e-02 4.445287388929705652e-01 9.992906258827892740e-01 4.502605988832638850e+00
1.747706349510887236e+01 5.665087870117323376e+01 7.607759538453150583e+01 3.147177185764103058e+01 7.158231543104437833e+01 1.374823381167570062e+02 4.800009463150824445e+02 5.272132578958143085e+02 1.849865413983831086e+00 4.348570789870947806e+00 1.372858373074334892e+00 5.866187405042159186e-01 4.023732396056862726e+00 8.965912457034331595e+00 9.827304786517401247e-01 4.781341293124635738e-01 4.838366378882444918e-01 4.491065124098976291e-01 3.352248515960704611e-01 8.096712780123850595e-02 4.486240099675746218e-01 9.991410629096567630e-01 4.162014420967896200e+00
1.756118967044754697e+01 5.672937718897738080e+01 7.626302476526645080e+01 3.150206920195482141e+01 7.145104065696200735e+01 1.375212851447924436e+02 4.799313957187895312e+02 5.272141451623803050e+02 1.919767683963264027e+00 4.586533364552994207e+00 1.304635756908676392e+00 6.305608780717809614e-01 4.064143481096805566e+00 8.892377471308080317e+00 9.917724239165025546e-01 4.747751232794792942e-01 4.786000870756279557e-01 4.479708782930388322e-01 3.312515905913446246e-01 6.280876433999162123e-02 4.447750593621013215e-01 9.982229767452780456e-01 3.918257272150524440e+00
1.759766451760671302e+01 5.676471317721885868e+01 7.633083315851837369e+01 3.151057896788563184e+01 7.140024917138148908e+01 1.375307564377048095e+02 4.798896429766816709e+02 5.272352898511105650e+02 1.935633494048342396e+00 4.682582355624265169e+00 1.290530573427229433e+00 6.521125088093402411e-01 4.086013322125372049e+00 8.869967137273244262e+00 9.979582150980838007e-01 4.782920028460737605e-01 4.788939768338798531e-01 4.490020924024308857e-01 3.374465448915316412e-01 7.653476991908594873e-02 4.464913178381742509e-01 9.985387744082770967e-01 3.813246162608567413e+00
1.766559348493519366e+01 5.681695063763305598e+01 7.642330352989684172e+01 3.153756223225381206e+01 7.131393153445701216e+01 1.375788715343269928e+02 4.798592781656134889e+02 5.272262681523122865e+02 1.940955678938282691e+00 4.830387165505986680e+00 1.243451348777410592e+00 6.845636990517910414e-01 4.103288411096906785e+00 8.847285208953666213e+00 9.902273779667354336e-01 4.834925501137513071e-01 4.809879621339970823e-01 4.497706508100902667e-01 3.409733103337309612e-01 7.212469410608100817e-02 4.482987741661023096e-01 9.990878493026098539e-01 3.645075282721588650e+00
1.776729739402264485e+01 5.692694872704291953e+01 7.663584292433669987e+01 3.157283492046760998e+01 7.113814216817171143e+01 1.376291938277282441e+02 4.797730645900697368e+02 5.272131577422071587e+02 1.980895926411078367e+00 5.138447398131752664e+00 1.158521069256599256e+00 7.547390516182846953e-01 4.148556863536914108e+00 8.775310806310333334e+00 1.001363855022272986e+00 4.808026540377203784e-01 4.778678767236085867e-01 4.476811425525409338e-01 3.368598397264658817e-01 5.886575116998419427e-02 4.465705215026088970e-01 9.982533158778571503e-01 3.338959666111308788e+00
1.780839707310106590e+01 5.696379864792507419e+01 7.671582389703600313e+01 3.159442165263867253e+01 7.109343160739977918e+01 1.376562863397974752e+02 4.797661443819782789e+02 5.272174348236293326e+02 1.965966215671930861e+00 5.200754062759928686e+00 1.142529564153321742e+00 7.840377681183995362e-01 4.145223123029066592e+00 8.761933089059429136e+00 9.690860533831412438e-01 4.852015687933043941e-01 4.743383667033743700e-01 4.483889800030892436e-01 3.377068009015781191e-01 6.047941884685686248e-02 4.497903574285234685e-01 9.992181017522856479e-01 3.210480688485708889e+00
1.788687894249454402e+01 5.702349795429442025e+01 7.685636782825270075e+01 3.164882408543311954e+01 7.095085261664583243e+01 1.377313010336357024e+02 4.797258662864910548e+02 5.271921294497094550e+02 1.976889167214871623e+00 5.368226806514369898e+00 1.074523211168201264e+00 8.330581581939654479e-01 4.171786887572483948e+00 8.695788613195150063e+00 9.824880437434415636e-01 4.816178624393219754e-01 4.699162887300309954e-01 4.444730677118710060e-01 3.372597271432413168e-01 5.835259965854427966e-02 4.459177622903500726e-01 9.999634433606928718e-01 2.959392787761129462e+00
1.869899117380298037e+01 5.786168515491281994e+01 7.847263692413643810e+01 3.192267456163251182e+01 6.966166065691994902e+01 1.382521638392187526e+02 4.791454070635887206e+02 5.271938598730487229e+02 2.501184813216036584e+00 7.800565658998646512e+00 4.309432297255903488e-01 1.371837907588583150e+00 4.523305188196419024e+00 8.099195526026818470e+00 1.020986523295708714e+00 5.064271003409412941e-01 4.132319660338503176e-01 4.442372553368434396e-01 3.347247182973433488e-01 6.523111367306160154e-04 4.244871311965724425e-01 9.950483979568627291e-01 7.474126952688088243e-01
1.876325727146522127e+01 5.791930506667782197e+01 7.859273921287892506e+01 3.197829809838590265e+01 6.953244177080590305e+01 1.382697223267986146e+02 4.790846562106658553e+02 5.271615553833894410e+02 2.415605238009515876e+00 7.869742570141272431e+00 3.920106303110028612e-01 1.429871570212551068e+00 4.494713839683076806e+00 8.053711808321940779e+00 9.890960527348275910e-01 5.295597621478522754e-01 4.550269611771181610e-01 4.367988028517696963e-01 3.573142679532928523e-01 4.540042729507851732e-02 4.418885825907432063e-01 9.974221201295766503e-01 4.401391553962812342e-01
1.867436117106435134e+01 5.782181680915935118e+01 7.843178327440020325e+01 3.193162347804026879e+01 6.962583334185917749e+01 1.382253491324288177e+02 4.791484305521240685e+02 5.271500531022875293e+02 2.263887480747722503e+00 7.514736757293259295e+00 4.785048625888564944e-01 1.369314233010708648e+00 4.455252571924315674e+00 8.119316598304214594e+00 9.782276190322215514e-01 5.081449748810784595e-01 4.761138906766219647e-01 4.263459609941055439e-01 3.592371960072185955e-01 5.658891109566537014e-02 4.381207924687574584e-01 9.977822676647223332e-01 5.479871730649199524e-01
1.866267618288805963e+01 5.779588866730064467e+01 7.838052121497644009e+01 3.194189596560343247e+01 6.964966873217612431e+01 1.381819207527621813e+02 4.791682919290395830e+02 5.271305862359265575e+02 2.142290648340862802e+00 7.361635020576234645e+00 5.312888175144447889e-01 1.335411266246973483e+00 4.422043992316699423e+00 8.151065686458681014e+00 9.791742167010715203e-01 5.118005525882534101e-01 4.649884700173892438e-01 4.346908217305125999e-01 3.588221151337170900e-01 5.147282821695530614e-02 4.408288335890172549e-01 9.989005202147381857e-01 5.292735093024405479e-01
1.856604923680628616e+01 5.770416187332094893e+01 7.819333523373951778e+01 3.190851074089736272e+01 6.974444441566302544e+01 1.381203857133756117e+02 4.792276734186924614e+02 5.271289492732151984e+02 1.988041638070735972e+00 6.984740820331266420e+00 5.929723435206432081e-01 1.338773945333702864e+00 4.354203998202966552e+00 8.217434096610299221e+00 9.374660365631694026e-01 4.955693879068205354e-01 4.941498721780088199e-01 4.241318422310093039e-01 3.530017608557768916e-01 6.090659049245368550e-02 4.417386517491501685e-01 9.985946048523630658e-01 6.595722317594713280e-01
1.855447051484358667e+01 5.769634621247669770e+01 7.818843347300064295e+01 3.194325304530048371e+01 6.972017535432178192e+01 1.381082300406183094e+02 4.792488090186182603e+02 5.271086020787217876e+02 1.871935423434161860e+00 6.892975452439374706e+00 6.084156627889314439e-01 1.365876450777457007e+00 4.328641852992815231e+00 8.261663083132875229e+00 9.282642743411126940e-01 4.938704989296171521e-01 4.949307910695758816e-01 4.295152325539662308e-01 3.492376831451233232e-01 6.243350790542945977e-02 4.410891229716459860e-01 9.976465719246404573e-01 5.705765576350224633e-01
1.846575760111166531e+01 5.759176188852206479e+01 7.802106564430931712e+01 3.189728683076858218e+01 6.983498688155079037e+01 1.380463576122610050e+02 4.793212635110224937e+02 5.270831477898868798e+02 1.662825013329396251e+00 6.466036302868501728e+00 7.144562623547850988e-01 1.345039419099729017e+00 4.247631122241841695e+00 8.325093370034126750e+00 9.310543278294090008e-01 4.966007209145118506e-01 4.725051235707311559e-01 4.386868942755883793e-01 3.455648779370171231e-01 5.565344774236109099e-02 4.442058575580502544e-01 9.981714268507527743e-01 6.901102175102392655e-01
1.836515078679826374e+01 5.747763170087053908e+01 7.780782181864964286e+01 3.188210424817495792e+01 6.993200665335386645e+01 1.379443374437520049e+02 4.793800450487314606e+02 5.270553992462813540e+02 1.409572976360330410e+00 5.928697322095035638e+00 8.422431690354068579e-01 1.282337331446065321e+00 4.166406719394890601e+00 8.445558633190884734e+00 8.900944062201653351e-01 4.852110023662827842e-01 4.915839042819897808e-01 4.339990818338055889e-01 3.459320143035070072e-01 9.043987278799070495e-02 4.453172745272434563e-01 9.965848078824651735e-01 7.990035181815694498e-01
1.827390718333125008e+01 5.738412266219399527e+01 7.762774509592360062e+01 3.188498543930225892e+01 7.000102869760773672e+01 1.378605019316446203e+02 4.794504465906174460e+02 5.270346793189455639e+02 1.133820321871478187e+00 5.459616201593588514e+00 9.355812202351031504e-01 1.252169125562605068e+00 4.066566960488006366e+00 8.557457759747483905e+00 8.527665764977326868e-01 4.740908437973732070e-01 4.835003968091280968e-01 4.342220640564197209e-01 3.368105177875925227e-01 1.208221732775408147e-01 4.430471954111469546e-01 9.988203839207002721e-01 8.012480150021829006e-01
1.826773576759668671e+01 5.737330379626011734e+01 7.758619639750860131e+01 3.190912403662504104e+01 7.001294512767890410e+01 1.378439534625699139e+02 4.794892182769080478e+02 5.270218882940866933e+02 1.025681992925698616e+00 5.271088854780836996e+00 9.681725087089581017e-01 1.233158822250766784e+00 4.022163118570540874e+00 8.590199225275632955e+00 8.565055224059758832e-01 4.858084457525309596e-01 4.736255276199960451e-01 4.434784054740080195e-01 3.465767710330782125e-01 1.374316954369091959e-01 4.456696059369719687e-01 9.989240550485698478e-01 7.774643003823143994e-01
1.827811170854907985e+01 5.735649324315650688e+01 7.757428474576850874e+01 3.190049594115984988e+01 7.004595031821679640e+01 1.378233787699141999e+02 4.794988125562295522e+02 5.270146058699614287e+02 1.013877279130518172e+00 5.271409858920875990e+00 9.632582636474084081e-01 1.245590263834716049e+00 4.045153441783122084e+00 8.560898806814533302e+00 8.901995455508114885e-01 4.751327566861799911e-01 4.748402548724693917e-01 4.417376009170900786e-01 3.432484709414354018e-01 1.409595057535298346e-01 4.374339846204630677e-01 9.992669649645642416e-01 7.938499109551059307e-01
1.827918762405514030e+01 5.734290400806606414e+01 7.756246788774836887e+01 3.186998374767870956e+01 7.004633387352642160e+01 1.378358068467505291e+02 4.795439259653133490e+02 5.270148034938221144e+02 9.949865014091580084e-01 5.198992798354761469e+00 9.997511808225157948e-01 1.258102182672486968e+00 4.039704509833271118e+00 8.564598481676613417e+00 9.018053585926328886e-01 4.887101323771761430e-01 4.743064575579756803e-01 4.472048183614962258e-01 3.452888975261748650e-01 1.483495663597138581e-01 4.505615484407662352e-01 9.942526489351803942e-01 7.690435150317008750e-01
1.828823817167070587e+01 5.735899605327631434e+01 7.763301338567684695e+01 3.185052049313909706e+01 7.004543612335652369e+01 1.378787129241045761e+02 4.795139776359805523e+02 5.270482523876756886e+02 1.155124971658646249e+00 5.391946695048384974e+00 9.744129922006603550e-01 1.240605791826845383e+00 4.087468276210726614e+00 8.527129483487275508e+00 9.413477044218149237e-01 4.887902084505919009e-01 4.735592272232559408e-01 4.455167166174984761e-01 3.470450574826309253e-01 1.282065371858174263e-01 4.489471579652195565e-01 9.913425190664343356e-01 7.971337835929039883e-01
1.824392471045016606e+01 5.730655569965305318e+01 7.756894058239673484e+01 3.188114024849717509e+01 7.007967220468657388e+01 1.378569629027644226e+02 4.795385106194502782e+02 5.270208100962819344e+02 1.039360282296318605e+00 5.210518910338508114e+00 1.037795508021559288e+00 1.231987321800143143e+00 4.036124249913920714e+00 8.575316957192230305e+00 9.364232218483897752e-01 4.826685999309430763e-01 4.573119791021401648e-01 4.504962581829310975e-01 3.435724637987825347e-01 1.277056998808165089e-01 4.398036411895622777e-01 9.997485942179187290e-01 7.513347866775165196e-01
1.826469911129514045e+01 5.728082584800526433e+01 7.759634911509265009e+01 3.187521919604444776e+01 7.006501494169860678e+01 1.378981210836892899e+02 4.795051101651369549e+02 5.270599756584872466e+02 1.092861716488669144e+00 5.237965630456429267e+00 1.039433031295878385e+00 1.224582673266625177e+00 4.036667905874608664e+00 8.558136180377749369e+00 9.419054999793331495e-01 4.782429302258677239e-01 4.653234295115006303e-01 4.479645306903605184e-01 3.408481487325550341e-01 1.275187416555102482e-01 4.419842836902723726e-01 9.986529576959488619e-01 7.522034305892011385e-01
1.824570798600241517e+01 5.725930883375906433e+01 7.752396199464746473e+01 3.188827475004837808e+01 7.010471301896707530e+01 1.378834330657625742e+02 4.795275412391358145e+02 5.270466782012168778e+02 1.067770166457053360e+00 5.157022859215079080e+00 1.061796835894875057e+00 1.192008483438467437e+00 4.018136353971828001e+00 8.588439324404424369e+00 9.218138007412002288e-01 4.849860998040356752e-01 4.651286138522462976e-01 4.488596797863550480e-01 3.432304406588153056e-01 1.389068136809098741e-01 4.482304136483346579e-01 9.975286768124698167e-01 8.127871104981143624e-01
1.821381942855825287e+01 5.721909626807553195e+01 7.751873111340499634e+01 3.191862641108387066e+01 7.011524762204949468e+01 1.378955576925008586e+02 4.795250602480038538e+02 5.270478163542142056e+02 1.052375081008507740e+00 5.089511253152626757e+00 1.071647660910154176e+00 1.194230255630690296e+00 4.000603015734172097e+00 8.601386299348529718e+00 9.493747051249306068e-01 4.692930610439214334e-01 4.770711916905365224e-01 4.382990623349185544e-01 3.388495594522242804e-01 1.357113346215499117e-01 4.389127466100841146e-01 9.944405593820022649e-01 7.935626535288777816e-01
1.822555434608652192e+01 5.723746292477680697e+01 7.751506279363034935e+01 3.190872082118772468e+01 7.013966809549985726e+01 1.378974400431104925e+02 4.795176002095521994e+02 5.270340405994796811e+02 1.047182052682068321e+00 5.130313834756055513e+00 1.056722960351672791e+00 1.204429293471277473e+00 3.999196031611155888e+00 8.615546046306290506e+00 9.516506094301995233e-01 4.765045593699945847e-01 4.630568083385809275e-01 4.502009952037003826e-01 3.319446134795491776e-01 1.181508587854044057e-01 4.426937771339825023e-01 9.932792988356747843e-01 8.014909091049200462e-01
1.822157366786356292e+01 5.718181573747502000e+01 7.745802378069643623e+01 3.191613976845521350e+01 7.017816095890536587e+01 1.378987431666811574e+02 4.795528118743389427e+02 5.270389114563960220e+02 1.022168995601377306e+00 5.029636856229016573e+00 1.098291913374932927e+00 1.195144601138513618e+00 4.008640679227789327e+00 8.659302434359085865e+00 9.586923351522553816e-01 4.903420808594569080e-01 4.586454319911366095e-01 4.547826925414582000e-01 3.502900910481962504e-01 1.595516906082262154e-01 4.472922550811334053e-01 9.980429974780691271e-01 8.228291737184708632e-01
1.819965999353608410e+01 5.719913644150813070e+01 7.742089436849985873e+01 3.192158496885957319e+01 7.019598865614975125e+01 1.378833650716383659e+02 4.795818206276438218e+02 5.270471614122662913e+02 1.009644331502179249e+00 4.984022419756768407e+00 1.141092835301580788e+00 1.185167553523651218e+00 3.986729643032799419e+00 8.677369393540631748e+00 9.552832497544373469e-01 4.975296008333840447e-01 4.650355366424154813e-01 4.523224482145654091e-01 3.523716857066848673e-01 1.582165717235007318e-01 4.558850926181207686e-01 9.928787532099938584e-01 8.600503799503056435e-01
