7.725801398288228983e-02 3.689215054855193854e-02 -6.590735527958285767e-02 2.337798241441355895e-01 -3.793186753629296162e-03 -6.901965477781932257e-02 4.801775107835244694e-02 4.037129445207091050e-02 1.719178052127244005e-01 2.978009048913118906e-01 1.069967873756576537e-01 3.461637058350215332e-03 -3.751104720566025797e-04 -1.357479490260309236e-02 3.416026924215461585e-02 -8.290498428309094991e-05 1.235203708234118049e-02 -3.230974049502865602e-05 -1.510595373249238042e-04 -8.485426372694374400e-03 2.711644482412299485e-04 -2.809464422238888725e-04 -6.594758628060140015e-01
3.689215054855193854e-02 2.547116065650156455e-02 -2.618184701012874274e-02 9.851124131987307186e-02 4.557154228656919680e-03 -2.270376608203522953e-02 1.771800161358036765e-02 2.052511561230220202e-02 3.840181219658430484e-02 1.345512583201388390e-01 5.009515353038445501e-02 8.141062913790577185e-03 7.420887874153255133e-03 -5.646849341588925774e-04 1.258445526995162142e-02 2.357038709702106209e-06 -3.740529725331200733e-03 1.283988233020239131e-04 -1.040065571077000261e-04 -2.730646238229072088e-03 1.603223752412929407e-04 -1.628692447190310116e-04 -3.387730800233312300e-01
-6.590735527958285767e-02 -2.618184701012874274e-02 6.342784609138660268e-02 -2.163756196084758998e-01 9.186137474506566453e-03 6.960435607780540712e-02 -4.659892001009013213e-02 -3.416965852492668404e-02 -1.897280593504099278e-01 -2.670475432082370371e-01 -9.438174814406342927e-02 2.609718198477079410e-03 7.052501133443558369e-03 1.701517031992233475e-02 -3.316530281966797999e-02 9.945417717174279886e-05 -1.952021125005282479e-02 1.714205391137814849e-04 5.700366005755152653e-05 8.371448936855700740e-03 -2.154042888464914433e-04 2.210250548882470700e-04 5.549325592585260258e-01
2.337798241441355895e-01 9.851124131987307186e-02 -2.163756196084758998e-01 7.578644054683861819e-01 -2.747771510679890283e-02 -2.384331783068153743e-01 1.609900517395483621e-01 1.222579174253427131e-01 6.370005425222169393e-01 9.405631062674221221e-01 3.336173214493979855e-01 -3.625185049696048011e-03 -1.867840113002779134e-02 -5.539810376015308346e-02 1.144929114808868609e-01 -3.106337886159703156e-04 6.169046387308800561e-02 -5.744576462676447655e-04 -7.399383010673856037e-06 -2.777536124629485792e-02 7.844125782874270154e-04 -8.054556154816189641e-04 -1.987394820014644736e+00
-3.793186753629296162e-03 4.557154228656919680e-03 9.186137474506566453e-03 -2.747771510679890283e-02 7.858194218828039659e-03 1.438740422766640777e-02 -8.102052322131641018e-03 -1.295263297887749680e-03 -5.441035343358682080e-02 -2.545447201813105451e-02 -7.305479711995683904e-03 6.006698503555232653e-03 7.547250781776605397e-03 6.570309201114448751e-03 -5.720824195873280490e-03 7.565158210659767674e-05 -1.080586657491713377e-02 1.975073226016505845e-04 -7.069515294995553007e-05 1.593729992611249381e-03 3.017316577050265511e-05 -1.197772053970892144e-05 1.565463550862446901e-02
-6.901965477781932257e-02 -2.270376608203522953e-02 6.960435607780540712e-02 -2.384331783068153743e-01 1.438740422766640777e-02 8.246641301670068480e-02 -5.300338047959621268e-02 -3.494112586572129669e-02 -2.326758067325788992e-01 -2.875938876243120945e-01 -1.003400461984114700e-01 7.568058226579624757e-03 1.294652463791007638e-02 2.228267042460532407e-02 -3.782198714709778670e-02 3.794359336660980638e-05 -2.727763620559930241e-02 2.784966333745840473e-04 -1.630741605899011903e-04 9.041689924894626487e-03 -2.508744108141713067e-04 2.155079103025020059e-04 5.682514802763563022e-01
4.801775107835244694e-02 1.771800161358036765e-02 -4.659892001009013213e-02 1.609900517395483621e-01 -8.102052322131641018e-03 -5.300338047959621268e-02 3.632261536812303460e-02 2.475114779338451892e-02 1.479451668124418529e-01 1.967422354111839078e-01 6.909049658943529348e-02 -3.189358336689117768e-03 -6.752631713278270040e-03 -1.365006743400127946e-02 2.502936480820634746e-02 -9.889679872619192632e-05 1.653093441468125521e-02 -1.818050902140402024e-04 -2.678810025804495722e-06 -6.228612055774592968e-03 1.367871795390536037e-04 -1.567217001748883571e-04 -4.004375007508261253e-01
4.037129445207091050e-02 2.052511561230220202e-02 -3.416965852492668404e-02 1.222579174253427131e-01 -1.295263297887749680e-03 -3.494112586572129669e-02 2.475114779338451892e-02 2.304676484086280383e-02 8.531023438022931893e-02 1.569847646955856157e-01 5.664302532214660069e-02 3.102389338409334944e-03 8.370380403257003709e-04 -6.314662115656632241e-03 1.753117168441940821e-02 -1.238112216874859793e-04 5.977189877023488494e-03 -4.547440487534697216e-05 -1.661880963760163546e-04 -4.612733416033830587e-03 9.999899499736549261e-05 -1.491903841742658313e-04 -3.536382530287028314e-01
1.719178052127244005e-01 3.840181219658430484e-02 -1.897280593504099278e-01 6.370005425222169393e-01 -5.441035343358682080e-02 -2.326758067325788992e-01 1.479451668124418529e-01 8.531023438022931893e-02 7.091244008318319247e-01 7.450357831333376257e-01 2.551367001404855617e-01 -3.602578237939590977e-02 -5.350166441303068343e-02 -7.217880466655540728e-02 1.053013342389121643e-01 -4.437637470835567068e-04 9.779522348564174961e-02 -1.285951188318936204e-03 3.708669808271857697e-04 -2.691175311428612923e-02 4.280823924439346477e-04 -4.641185297658215062e-04 -1.364231584666997898e+00
2.978009048913118906e-01 1.345512583201388390e-01 -2.670475432082370371e-01 9.405631062674221221e-01 -2.545447201813105451e-02 -2.875938876243120945e-01 1.967422354111839078e-01 1.569847646955856157e-01 7.450357831333376257e-01 1.183691165982758031e+00 4.221377569371668748e-01 4.309327565849714256e-03 -1.292916261820748966e-02 -6.215097930925558151e-02 1.399452784297637586e-01 -3.934881339096006907e-04 6.404997621162546173e-02 -4.613151334113271352e-04 -3.067558837621009622e-04 -3.439017211200261909e-02 1.013706257220678853e-03 -1.057524791302622610e-03 -2.555823697059246946e+00
1.069967873756576537e-01 5.009515353038445501e-02 -9.438174814406342927e-02 3.336173214493979855e-01 -7.305479711995683904e-03 -1.003400461984114700e-01 6.909049658943529348e-02 5.664302532214660069e-02 2.551367001404855617e-01 4.221377569371668748e-01 1.523969698474423318e-01 3.261220706196750387e-03 -2.610438485689441437e-03 -2.077615494162276741e-02 4.918742071142499089e-02 -1.201303637412436717e-04 2.006236452169132822e-02 -9.548440904640320389e-05 -1.681383433975864033e-04 -1.217745167135868972e-02 3.755176589023162428e-04 -3.881803556260188812e-04 -9.234867550840109018e-01
3.461637058350215332e-03 8.141062913790577185e-03 2.609718198477079410e-03 -3.625185049696048011e-03 6.006698503555232653e-03 7.568058226579624757e-03 -3.189358336689117768e-03 3.102389338409334944e-03 -3.602578237939590977e-02 4.309327565849714256e-03 3.261220706196750387e-03 7.788220417609425551e-03 7.387002717432394894e-03 5.314772643131793206e-03 -2.347770029223288177e-03 -2.743654934634752818e-05 -8.392633620371670738e-03 1.006343362796145594e-04 -1.020760598176505106e-04 6.950243108634725827e-04 5.813134473116731610e-06 -3.528432917961804897e-05 -4.987545599067230717e-02
-3.751104720566025797e-04 7.420887874153255133e-03 7.052501133443558369e-03 -1.867840113002779134e-02 7.547250781776605397e-03 1.294652463791007638e-02 -6.752631713278270040e-03 8.370380403257003709e-04 -5.350166441303068343e-02 -1.292916261820748966e-02 -2.610438485689441437e-03 7.387002717432394894e-03 1.015796238101468116e-02 7.082480493679411959e-03 -4.834991550763006671e-03 5.896055779149284948e-05 -1.161588011857422019e-02 1.934284084144272965e-04 -8.022252949697655702e-05 1.430912420116022595e-03 4.640574953948788383e-05 -2.799641498880029610e-05 -1.889510282267494248e-02
-1.357479490260309236e-02 -5.646849341588925774e-04 1.701517031992233475e-02 -5.539810376015308346e-02 6.570309201114448751e-03 2.228267042460532407e-02 -1.365006743400127946e-02 -6.314662115656632241e-03 -7.217880466655540728e-02 -6.215097930925558151e-02 -2.077615494162276741e-02 5.314772643131793206e-03 7.082480493679411959e-03 9.057860134218102821e-03 -9.758917701088186403e-03 3.096903473055727808e-05 -1.106209567553832589e-02 1.337931296910743382e-04 -4.815223451797272513e-05 2.615633045078844757e-03 -2.890930546511965373e-05 2.879138110614252349e-05 1.000182194909342431e-01
3.416026924215461585e-02 1.258445526995162142e-02 -3.316530281966797999e-02 1.144929114808868609e-01 -5.720824195873280490e-03 -3.782198714709778670e-02 2.502936480820634746e-02 1.753117168441940821e-02 1.053013342389121643e-01 1.399452784297637586e-01 4.918742071142499089e-02 -2.347770029223288177e-03 -4.834991550763006671e-03 -9.758917701088186403e-03 1.888588721177562532e-02 -2.648659376690816613e-05 1.157475762972707233e-02 -1.035844826287786875e-04 2.868707156063733419e-05 -4.360192539802513166e-03 1.204325291450758072e-04 -1.111783332529966213e-04 -2.846863327183216663e-01
-8.290498428309094991e-05 2.357038709702106209e-06 9.945417717174279886e-05 -3.106337886159703156e-04 7.565158210659767674e-05 3.794359336660980638e-05 -9.889679872619192632e-05 -1.238112216874859793e-04 -4.437637470835567068e-04 -3.934881339096006907e-04 -1.201303637412436717e-04 -2.743654934634752818e-05 5.896055779149284948e-05 3.096903473055727808e-05 -2.648659376690816613e-05 1.054532161651113020e-03 -2.516877275654556411e-04 2.667706228754541047e-05 4.802380276961252788e-05 1.671109999562207088e-04 2.960924722434974369e-05 -1.033533950245665865e-06 6.546636308260704064e-04
1.235203708234118049e-02 -3.740529725331200733e-03 -1.952021125005282479e-02 6.169046387308800561e-02 -1.080586657491713377e-02 -2.727763620559930241e-02 1.653093441468125521e-02 5.977189877023488494e-03 9.779522348564174961e-02 6.404997621162546173e-02 2.006236452169132822e-02 -8.392633620371670738e-03 -1.161588011857422019e-02 -1.106209567553832589e-02 1.157475762972707233e-02 -2.516877275654556411e-04 2.020230986392786837e-02 -3.843574541931852793e-04 -3.895093653587513509e-05 -3.711995435280075924e-03 -9.136735205817665966e-05 -4.147482340654434162e-06 -8.010753035775936004e-02
-3.230974049502865602e-05 1.283988233020239131e-04 1.714205391137814849e-04 -5.744576462676447655e-04 1.975073226016505845e-04 2.784966333745840473e-04 -1.818050902140402024e-04 -4.547440487534697216e-05 -1.285951188318936204e-03 -4.613151334113271352e-04 -9.548440904640320389e-05 1.006343362796145594e-04 1.934284084144272965e-04 1.337931296910743382e-04 -1.035844826287786875e-04 2.667706228754541047e-05 -3.843574541931852793e-04 1.028483247974717107e-03 2.978008162764709259e-06 4.651260911492476329e-05 1.294560363110709834e-05 -9.368460858178456353e-07 1.547197446498265559e-05
-1.510595373249238042e-04 -1.040065571077000261e-04 5.700366005755152653e-05 -7.399383010673856037e-06 -7.069515294995553007e-05 -1.630741605899011903e-04 -2.678810025804495722e-06 -1.661880963760163546e-04 3.708669808271857697e-04 -3.067558837621009622e-04 -1.681383433975864033e-04 -1.020760598176505106e-04 -8.022252949697655702e-05 -4.815223451797272513e-05 2.868707156063733419e-05 4.802380276961252788e-05 -3.895093653587513509e-05 2.978008162764709259e-06 1.093354548222455437e-03 3.124074985317581445e-04 2.272554757239794002e-05 -2.088044025228367750e-07 1.208814682969583994e-03
-8.485426372694374400e-03 -2.730646238229072088e-03 8.371448936855700740e-03 -2.777536124629485792e-02 1.593729992611249381e-03 9.041689924894626487e-03 -6.228612055774592968e-03 -4.612733416033830587e-03 -2.691175311428612923e-02 -3.439017211200261909e-02 -1.217745167135868972e-02 6.950243108634725827e-04 1.430912420116022595e-03 2.615633045078844757e-03 -4.360192539802513166e-03 1.671109999562207088e-04 -3.711995435280075924e-03 4.651260911492476329e-05 3.124074985317581445e-04 3.342908963832646411e-03 4.750773828273963486e-05 2.157385701249754011e-05 6.876485388554424982e-02
2.711644482412299485e-04 1.603223752412929407e-04 -2.154042888464914433e-04 7.844125782874270154e-04 3.017316577050265511e-05 -2.508744108141713067e-04 1.367871795390536037e-04 9.999899499736549261e-05 4.280823924439346477e-04 1.013706257220678853e-03 3.755176589023162428e-04 5.813134473116731610e-06 4.640574953948788383e-05 -2.890930546511965373e-05 1.204325291450758072e-04 2.960924722434974369e-05 -9.136735205817665966e-05 1.294560363110709834e-05 2.272554757239794002e-05 4.750773828273963486e-05 1.020571750910483598e-03 -1.869949241642197390e-06 -2.400659730795337305e-03
-2.809464422238888725e-04 -1.628692447190310116e-04 2.210250548882470700e-04 -8.054556154816189641e-04 -1.197772053970892144e-05 2.155079103025020059e-04 -1.567217001748883571e-04 -1.491903841742658313e-04 -4.641185297658215062e-04 -1.057524791302622610e-03 -3.881803556260188812e-04 -3.528432917961804897e-05 -2.799641498880029610e-05 2.879138110614252349e-05 -1.111783332529966213e-04 -1.033533950245665865e-06 -4.147482340654434162e-06 -9.368460858178456353e-07 -2.088044025228367750e-07 2.157385701249754011e-05 -1.869949241642197390e-06 1.003716590361762714e-03 2.497684419138640043e-03
-6.594758628060140015e-01 -3.387730800233312300e-01 5.549325592585260258e-01 -1.987394820014644736e+00 1.565463550862446901e-02 5.682514802763563022e-01 -4.004375007508261253e-01 -3.536382530287028314e-01 -1.364231584666997898e+00 -2.555823697059246946e+00 -9.234867550840109018e-01 -4.987545599067230717e-02 -1.889510282267494248e-02 1.000182194909342431e-01 -2.846863327183216663e-01 6.546636308260704064e-04 -8.010753035775936004e-02 1.547197446498265559e-05 1.208814682969583994e-03 6.876485388554424982e-02 -2.400659730795337305e-03 2.497684419138640043e-03 5.779277539691634047e+00
