1.665080242013588574e+01
5.586197125580583389e+01
7.450228414349415118e+01
3.131379358874465879e+01
7.266490863708762049e+01
1.370666525976265859e+02
2.051282005023840949e+00
6.615295165427899360e-02
3.709446761597805509e+00
9.637816839469850905e+00
9.838188699583204633e-01
4.270542869300841815e-01
5.064650778528898556e-01
3.600602019662925146e-01
2.680451952146306605e-01
1.082702350031529148e-01
4.804997482562882851e+02
4.662901153744261507e+01
1.001085486127739621e+00
1.843789178708689525e+00
3.487379648266660248e-01
3.560610432768265277e-01
6.028031149653734211e+00
