9.232369951577110712e+00
5.984893489583078718e+01
5.170979831241039193e+01
5.181424921678852513e+01
1.001072728154524043e+02
1.342068253294193312e+02
4.721533049931336450e+02
5.197508442412306522e+02
1.019020446837100913e+00
1.863089898465239536e+00
1.660816390446580693e+00
4.391577909554285064e+00
7.268860036266644453e-01
3.011637289451515986e+00
2.023044470679366269e-01
3.638992043501944607e-01
2.755981361880088798e-01
3.360413435752474531e-01
2.064361733783184050e-01
1.235002608335444008e-01
2.957488748706806891e-01
3.821757298551576310e-01
4.887996976411804972e+00
