3.398873816988795227e+01
2.885901022280030048e+01
8.380946616407817373e+01
8.483906135179682906e+01
5.338879831176233992e+00
1.594416333935446630e+02
2.560909986054835219e+00
9.375110241017127422e+00
9.367853302398259530e+00
1.108212383624482378e+00
8.637396421119104772e+00
5.882666788359363075e-01
5.197256567596564292e-01
7.388305252943728751e-01
4.760652498307059166e-01
2.290728188389389575e-01
4.942267807467952139e+02
2.990670137655429528e+01
1.291923713952356945e+00
2.336634806631995076e+00
5.829731478519750709e-01
2.447524592953082556e-01
1.049561159962443480e+00
