8.826054614053626679e+00
5.866933770819977667e+01
7.946851903192091982e+01
6.187776782315590651e+01
7.424118121572099938e+01
1.068829548302572334e+02
2.592686427253478865e+00
2.147599959677896742e+00
1.803014948924999694e-01
2.860700091013985258e+00
6.417414117078450886e+00
4.698992299895550784e-01
3.852432709608830663e-01
4.074851995604497068e-01
2.730234686150278534e-01
9.116507921307920315e-02
4.867253511960424248e+02
3.692729785943120646e+01
1.365125426266834641e+00
2.325234052107831850e+00
3.741715030765878081e-01
3.344898414038896539e-01
1.473468630572412330e+01
