ts0__FREE	ts1__FREE	ts2__FREE	ts3__FREE	ts4__FREE	ts5__FREE	theta0__FREE	theta1__FREE	y0__FREE	y1__FREE	lambda0__FREE	lambda1__FREE	lambda2__FREE	lambda3__FREE	lambda4__FREE	p0__FREE	p1__FREE	p2__FREE	p3__FREE	p4__FREE	beta__FREE	fD__FREE	r__FREE
7.851845579708207623e+00 5.056357889815740947e+01 8.214049359879986412e+01 3.340404916601007557e+01 9.720672247159809842e+01 1.396802866862926749e+02 4.458272534085110692e+02 5.091761082880547633e+02 1.119859193046390811e+00 2.346077041087197834e+00 6.906840277538816686e+00 2.009549035008095785e+00 1.100462998098187928e+00 3.887390122822675931e+00 3.192514517849815103e+00 3.840070458115541485e-01 3.247729980892608559e-01 4.029476340362856956e-01 2.327693837291310019e-01 5.475624660364907664e-02 3.531132970861792231e-01 9.989887570164681652e-01 6.730723531118041336e+00
7.822962542809778874e+00 5.055963496066328133e+01 8.214688555276165971e+01 3.341627173089369052e+01 9.721351669070331525e+01 1.396885636363913363e+02 4.458299245215209794e+02 5.091776716415309920e+02 1.114511531909142983e+00 2.345940049358095081e+00 6.906956244681849100e+00 2.012045262050278449e+00 1.109452355952946112e+00 3.886843096834665889e+00 3.182587959503450303e+00 3.903955863599274934e-01 3.192932945264432276e-01 4.052768141954280479e-01 2.357298162915694162e-01 5.007193207824804648e-02 3.543828594488602768e-01 9.939121545369519195e-01 6.700724571683716491e+00
7.802371417742882898e+00 5.056894714576564098e+01 8.213622757279104292e+01 3.341931759624019094e+01 9.722338664733347002e+01 1.396835010013022327e+02 4.458235447809474863e+02 5.091626718866664305e+02 1.106497792406909042e+00 2.327559163141677434e+00 6.904002497165096841e+00 2.003720313858414759e+00 1.097660549149332088e+00 3.894243038243514032e+00 3.176756408268778031e+00 3.915810045955031571e-01 3.161026005175364695e-01 4.041038032361983778e-01 2.342481357652406448e-01 5.901609915875228457e-02 3.555199203354998394e-01 9.991811794236923339e-01 6.698961985418362630e+00
7.789686953409762360e+00 5.056903050812628919e+01 8.214499569350276431e+01 3.339828117652949402e+01 9.722118917507764024e+01 1.397062982910579194e+02 4.458459896728967919e+02 5.091520323060065039e+02 1.097218014105196371e+00 2.341906049368622345e+00 6.902201823644996459e+00 2.009782022657419454e+00 1.082577387534849445e+00 3.877815790108444904e+00 3.191541879787773262e+00 3.850351868627789331e-01 3.188751787366628232e-01 4.017208630418429571e-01 2.325481881956283081e-01 5.007249883780662963e-02 3.521587036041134433e-01 9.970636014572661354e-01 6.696773984247345268e+00
7.795998563032661366e+00 5.057354328076220895e+01 8.214789358284049570e+01 3.340894242994549046e+01 9.721410790252527079e+01 1.397163673197990761e+02 4.458302002137322120e+02 5.091523184988250819e+02 1.107695985572620279e+00 2.341733150549919262e+00 6.927244299065959510e+00 1.993799671308548405e+00 1.053876588225374222e+00 3.873839908394931530e+00 3.184562135160715624e+00 3.835494199695937967e-01 3.176651703757242262e-01 3.990496834515041558e-01 2.309837634320608124e-01 5.589520125181416527e-02 3.520441308410112713e-01 9.984017924738498584e-01 6.689972168768281158e+00
7.780084993000405014e+00 5.057911411984849082e+01 8.216216259930446597e+01 3.341432643439330263e+01 9.722566633170799832e+01 1.397241396998753089e+02 4.458069007001001864e+02 5.091360780140220754e+02 1.108735833747993338e+00 2.323119255739897859e+00 6.949330549155384062e+00 1.992058233164101688e+00 1.041877785007675916e+00 3.867454641529286086e+00 3.165039532967126590e+00 3.857155465284020091e-01 3.254996924101324351e-01 4.020011530922319443e-01 2.400501670084378425e-01 7.986825933941843481e-02 3.527922577608371135e-01 9.988693549009644013e-01 6.684316358897926413e+00
7.769311683209120467e+00 5.059270713305244271e+01 8.213405352905643042e+01 3.342204104406404497e+01 9.722293775654819115e+01 1.397459774383056867e+02 4.457995853106135087e+02 5.091237877559030380e+02 1.110389244815108034e+00 2.316705818939889472e+00 6.959203639928552398e+00 1.978151551850966028e+00 1.047599404070108875e+00 3.870270636026174937e+00 3.152820222658580196e+00 3.824936139103853328e-01 3.234077031075262565e-01 3.968386338505360822e-01 2.325194338056187082e-01 6.447982099772861520e-02 3.519118955305299834e-01 9.967133328167452344e-01 6.674189971700167590e+00
7.759956797066829282e+00 5.059697684276883223e+01 8.215672922676988321e+01 3.342999328796230429e+01 9.721557378203050348e+01 1.397486439166542880e+02 4.457935783364168287e+02 5.091112510924752428e+02 1.100942994293220067e+00 2.340378947289907696e+00 6.967014442422311049e+00 1.978484239453731419e+00 1.040616083841566342e+00 3.864875997451704848e+00 3.153971863513555629e+00 3.818096519107296860e-01 3.263988532237785400e-01 3.989945040598335546e-01 2.279723054575699404e-01 4.241650901313395033e-02 3.527002313012888024e-01 9.995430747510807290e-01 6.666544377185515735e+00
7.730751759278764013e+00 5.058762812426903821e+01 8.215981876244917714e+01 3.344036182385084288e+01 9.721438621607326525e+01 1.397489982760477290e+02 4.458045338943235834e+02 5.091067272727423187e+02 1.078680096641645658e+00 2.358261705023073418e+00 6.967566904844856523e+00 1.964304076022025614e+00 1.038467162683439859e+00 3.857580506777813500e+00 3.150581746797501026e+00 3.850311059363669686e-01 3.213091912766994906e-01 4.003414201203889244e-01 2.296101291540338096e-01 4.077850058525643584e-02 3.531749527051368243e-01 9.951660032028895042e-01 6.662084665330393562e+00
7.708650938112175055e+00 5.059781123538282088e+01 8.217404147576844764e+01 3.344279731711084480e+01 9.723695425531015246e+01 1.397703452205671226e+02 4.458185097611915353e+02 5.090930282313022417e+02 1.094044957580634803e+00 2.356567013338648042e+00 6.977252377629074687e+00 1.956394620281546315e+00 1.016264464214280183e+00 3.855916823243093372e+00 3.154239565472092721e+00 3.808612429669889776e-01 3.304895089919618334e-01 3.989817219816220173e-01 2.352784350853947271e-01 6.900887445035457091e-02 3.520282518876473588e-01 9.986938944106124039e-01 6.665673465947076437e+00
7.694127336168997466e+00 5.060942828185696385e+01 8.218837190180630614e+01 3.344509682150538765e+01 9.724541527971052801e+01 1.397780353410164480e+02 4.458153409035139703e+02 5.090652747675105161e+02 1.089149014750619093e+00 2.359911103236857599e+00 6.982318328342741687e+00 1.957084606507312641e+00 1.016465932099492209e+00 3.866125200100491988e+00 3.145329133346068673e+00 3.857783065232678887e-01 3.264472946795142771e-01 4.011972182109160845e-01 2.383381350058795811e-01 7.191983043311714341e-02 3.531309230185472048e-01 9.966632020847976392e-01 6.669084444394388633e+00
7.653532064217125175e+00 5.062033224187980807e+01 8.220425202427408351e+01 3.346754670999077064e+01 9.725129217160987594e+01 1.398040834707440183e+02 4.457930945976588077e+02 5.090404152601286114e+02 1.077806104725724801e+00 2.355414145801118853e+00 6.999703727073218751e+00 1.930695572469407484e+00 1.001085929701230448e+00 3.848099654028183547e+00 3.125223243090134773e+00 3.906805165194659479e-01 3.261645377213298058e-01 4.029564353359753603e-01 2.381939171474482253e-01 5.277240005433251474e-02 3.549961248333748376e-01 9.978802465591031234e-01 6.666182392509231391e+00
7.668079352268590831e+00 5.061078099692552001e+01 8.223846332098260348e+01 3.347764589898258691e+01 9.723920452733749187e+01 1.398004066754041048e+02 4.458008722188391744e+02 5.090598427993712676e+02 1.075673988799729974e+00 2.349128823062663241e+00 7.006756697464719963e+00 1.923364465432382486e+00 9.908241496524120562e-01 3.843788919111380764e+00 3.121263180681580263e+00 3.858719675228556856e-01 3.268308340850207827e-01 4.004715444924470402e-01 2.388879348291692850e-01 7.224970632050016495e-02 3.532474307805004154e-01 9.950978008413695619e-01 6.665462181321430535e+00
7.702703637881282539e+00 5.060578728181970831e+01 8.221151222031940620e+01 3.347269881463923724e+01 9.724036164739217725e+01 1.398033714904118483e+02 4.457918764956398832e+02 5.090473495113915305e+02 1.088901848723354160e+00 2.344605781167045322e+00 6.993174330620294477e+00 1.936723672806152097e+00 1.004917118781619489e+00 3.868499653216225909e+00 3.108890019081622214e+00 3.891695152213121012e-01 3.298092674879744002e-01 4.033975647365175554e-01 2.444737495892994605e-01 8.721287281561684868e-02 3.549904260331048778e-01 9.952733820760115702e-01 6.668712178458800821e+00
7.642629895879392343e+00 5.062908087763587162e+01 8.223678985320856327e+01 3.348959160183120076e+01 9.722788864193306324e+01 1.398289507754556098e+02 4.457911889295581318e+02 5.090161499731272556e+02 1.086222329519095142e+00 2.365642477688407741e+00 7.035292361629821301e+00 1.924938308665637754e+00 9.553709621075688885e-01 3.879864666568022091e+00 3.097528520179116729e+00 3.947745023863769576e-01 3.259271665859678202e-01 4.074920347833256851e-01 2.468645245072171035e-01 8.958531429709430671e-02 3.563357155824946054e-01 9.993189938097466474e-01 6.651421312758897031e+00
7.649503711738689482e+00 5.062811810097268506e+01 8.224357413448140619e+01 3.347338857121786759e+01 9.724449658156089527e+01 1.398081018732828795e+02 4.457900322464792566e+02 5.090251158115287922e+02 1.076227689758311623e+00 2.343538546172420300e+00 7.011827681713595162e+00 1.926060866459643472e+00 9.640935438955229309e-01 3.878794533181118442e+00 3.100460467247117435e+00 3.856246145119470725e-01 3.289445556264153359e-01 4.011384679215002080e-01 2.431355271659710049e-01 8.428624431959670649e-02 3.526620232463563154e-01 9.980008153135503379e-01 6.665687505482981834e+00
7.634900882347177564e+00 5.063721365761718829e+01 8.224704789444281516e+01 3.348042199862363333e+01 9.725890967341133830e+01 1.398203601157186711e+02 4.457825190957258883e+02 5.090218756957122537e+02 1.071509175987526152e+00 2.336802052589102008e+00 7.004596752109173430e+00 1.902710947504863359e+00 9.647483889839744142e-01 3.891997229963100491e+00 3.094034035893306278e+00 3.926725249133901641e-01 3.298501760768654534e-01 4.043990508399294970e-01 2.464329682392072396e-01 8.719313667661565681e-02 3.560234065436299611e-01 9.924801036127488540e-01 6.667886533897132928e+00
7.618774527199022373e+00 5.064629951697629906e+01 8.225662670357314710e+01 3.348736824122923394e+01 9.726136911728328016e+01 1.398597414167730051e+02 4.457632119571935050e+02 5.090057259152829374e+02 1.083642036032789191e+00 2.343107673858361828e+00 7.010347628227793670e+00 1.905654591418160182e+00 9.657411645259801336e-01 3.899836811043463136e+00 3.082174455102869359e+00 3.922067799271687916e-01 3.275473919735578665e-01 4.053068851953664509e-01 2.412587932997843077e-01 7.214214055688129845e-02 3.562764452231186874e-01 9.991775719550440860e-01 6.648809447351876400e+00
7.622890390932588467e+00 5.063940044631024762e+01 8.226110116679559781e+01 3.347831713584447044e+01 9.726115813169717228e+01 1.398680090111998879e+02 4.457741588639724455e+02 5.089978483886634422e+02 1.092626890781540627e+00 2.336240011133646544e+00 7.007325148087372391e+00 1.914932799948559028e+00 9.812301807118366526e-01 3.905917665903733127e+00 3.071992106932466271e+00 3.943496450898428818e-01 3.143055231168049857e-01 4.052946573946798470e-01 2.400950368890706621e-01 7.531434992872711176e-02 3.549727957316879401e-01 9.988454188154710645e-01 6.641667070164423592e+00
7.662258963696696235e+00 5.063849552634949447e+01 8.222252100555381560e+01 3.347025422267549288e+01 9.723346533921420587e+01 1.398451440775788228e+02 4.457745732475616478e+02 5.090273759024908031e+02 1.109951842453494208e+00 2.342047312810422888e+00 7.008486184600062785e+00 1.923763494988443012e+00 9.815169361156059757e-01 3.879183496548008314e+00 3.067388773828768400e+00 3.921996187564950054e-01 3.275789429855655022e-01 4.059630588514241412e-01 2.385084744428635495e-01 7.008453096005243244e-02 3.565374578509369896e-01 9.951794370792010902e-01 6.664519544823340524e+00
7.654966431621041068e+00 5.061890450082226778e+01 8.220053515874639061e+01 3.346999319911895299e+01 9.724810285641700602e+01 1.398422383392575341e+02 4.457742049527865902e+02 5.090424163969029792e+02 1.109880796197814101e+00 2.329410474938069076e+00 6.998517966751693464e+00 1.929510546670063054e+00 9.863382377517820876e-01 3.862340073057684897e+00 3.081164149455381196e+00 3.888594660622735621e-01 3.256784273696224363e-01 4.026607477868403562e-01 2.409135773334807329e-01 8.415068623347364551e-02 3.539964258338718084e-01 9.981393426099209876e-01 6.664734800973065809e+00
7.636845511307590151e+00 5.060977516857212066e+01 8.221305452480939380e+01 3.346770145847369804e+01 9.725132479646380546e+01 1.398602283878283004e+02 4.457711100211919302e+02 5.090150464019893093e+02 1.118056938492959951e+00 2.303574940978758256e+00 6.990479371824361188e+00 1.964332226342955012e+00 9.750266035886637761e-01 3.882279708264830820e+00 3.090295594330269680e+00 3.889509481101134925e-01 3.242863452750009978e-01 4.043361919247622227e-01 2.433234013294562903e-01 1.048735219898042359e-01 3.538729027000888094e-01 9.982293380998775723e-01 6.646866694128264363e+00
7.597162570277655291e+00 5.061421684438771251e+01 8.222844048526003746e+01 3.348533700874452279e+01 9.725901033231899362e+01 1.398692669580516110e+02 4.457620960319902679e+02 5.089937499250740984e+02 1.116859737840459443e+00 2.294872426495516038e+00 7.013164983980846756e+00 1.962553806753535968e+00 9.648269031813674346e-01 3.875380279167384590e+00 3.058884898554434795e+00 3.906343293322488419e-01 3.226593255197478527e-01 4.037598669126161166e-01 2.401873120479526558e-01 9.020211418255980051e-02 3.544135512341732852e-01 9.995471760505932890e-01 6.631459506967066986e+00
7.610917717697731177e+00 5.062571142964544890e+01 8.220886262442337511e+01 3.346251067238119248e+01 9.725163289906558362e+01 1.398760886056186337e+02 4.457497480404486510e+02 5.089931172642218939e+02 1.116120746213765447e+00 2.290283472247659269e+00 6.997429354311774929e+00 1.959495009818014610e+00 9.755177272415557210e-01 3.869494734330281460e+00 3.066896116449656429e+00 3.884101403318095946e-01 3.290572508684821429e-01 4.027682436600406590e-01 2.444831864768799434e-01 1.009348284384958688e-01 3.537997998365988161e-01 9.978348264243011023e-01 6.615749257250948645e+00
7.562388502810109436e+00 5.065983630135355043e+01 8.225683743218841926e+01 3.349249770873024090e+01 9.727231762112852209e+01 1.399220635149361840e+02 4.457349925197085554e+02 5.089432073920617086e+02 1.100829759878690917e+00 2.278058799538087875e+00 7.028465863520693802e+00 1.929684159270309340e+00 9.322048248430715445e-01 3.872355187487008354e+00 3.051003668839421312e+00 3.877598357767870763e-01 3.297967810598869676e-01 4.031117799883676134e-01 2.441112086211846832e-01 9.289906213254109368e-02 3.538823194825145291e-01 9.989171369382028320e-01 6.590472180487481957e+00
7.515768040596417343e+00 5.069238121739870451e+01 8.228907150748783295e+01 3.350457092360584710e+01 9.728044759552098242e+01 1.399623744756434007e+02 4.457315132885831304e+02 5.088966195360573579e+02 1.122939680209962710e+00 2.251528817073291222e+00 7.046504866614208495e+00 1.914043847589794067e+00 9.039587241658310068e-01 3.865041453829841434e+00 2.998540876738456706e+00 3.943707377977752060e-01 3.238902749623957522e-01 4.066237618010902777e-01 2.429589937838451397e-01 9.507330285620321786e-02 3.559748880038744456e-01 9.978197647391604530e-01 6.560746000239785047e+00
7.511005103380875347e+00 5.069365031590441362e+01 8.230311293059091327e+01 3.349914632657240077e+01 9.728320078005128835e+01 1.399600883782497647e+02 4.457104509574127178e+02 5.088824166051201132e+02 1.125987245408953230e+00 2.255227932549235703e+00 7.041048547541191915e+00 1.913700281683501814e+00 9.126523729874823632e-01 3.876712345150672867e+00 2.986431821151641408e+00 3.935824904872203267e-01 3.252211142352594009e-01 4.051982597151917442e-01 2.446855594081299434e-01 1.045950733632943913e-01 3.550811148931337091e-01 9.998530099887338318e-01 6.571806941053782047e+00
7.498486747485134885e+00 5.069782507671217076e+01 8.230830909166148501e+01 3.348939628004851699e+01 9.727350465641201538e+01 1.399615954374954470e+02 4.457109197254757191e+02 5.088727954639274458e+02 1.121616358755345599e+00 2.262641321499558433e+00 7.044162225230794050e+00 1.909880214159768830e+00 9.158079548113614576e-01 3.863221381578922919e+00 2.979898777632145723e+00 3.898444729000640208e-01 3.227469836334241893e-01 4.044055630740301388e-01 2.419733733908265572e-01 9.469984581418496028e-02 3.533630804025822969e-01 9.982709622616585676e-01 6.563701920814467350e+00
7.450575704583969561e+00 5.072446441738633638e+01 8.232099468636674544e+01 3.350848438960652942e+01 9.727952861837070486e+01 1.400144606425666609e+02 4.456971245679432059e+02 5.088310691326489064e+02 1.129172412097096512e+00 2.262810660224310322e+00 7.069303956410835532e+00 1.895729814481155850e+00 8.619242519444831885e-01 3.868616880500410193e+00 2.935673671789279737e+00 4.001543938106496001e-01 3.213174575237112696e-01 4.108044210763466819e-01 2.456431147737731524e-01 1.022204897883069591e-01 3.581071911178832501e-01 9.966572437554958031e-01 6.534950438687981311e+00
7.441138680188429610e+00 5.071750319313748889e+01 8.232526291678031782e+01 3.349120873939300935e+01 9.728095564316694777e+01 1.400280057280056383e+02 4.457081887799711239e+02 5.088294821960070635e+02 1.125201299538439947e+00 2.250811357275952496e+00 7.070606705605553266e+00 1.884086466339923494e+00 8.603533890199078771e-01 3.863417623974128912e+00 2.918861487264519994e+00 3.925106691363461353e-01 3.237730746384244185e-01 4.071216023974926213e-01 2.463903057332491042e-01 1.176921184683313859e-01 3.546925244929668986e-01 9.999854612024877687e-01 6.517447902853321651e+00
7.375257041998906082e+00 5.072809941335664519e+01 8.236275564374821556e+01 3.351678220491459825e+01 9.729977773118216078e+01 1.400844819300708082e+02 4.456723758700528606e+02 5.087625023080033770e+02 1.139451876130835872e+00 2.240069846977314594e+00 7.092919346698333349e+00 1.875913893097849394e+00 8.408911516173347422e-01 3.867289081400560047e+00 2.882400878785774445e+00 3.883101304886954486e-01 3.341982043198132302e-01 4.041054373002559985e-01 2.476987704551985581e-01 1.200361315269977969e-01 3.529962883133679896e-01 9.992213524072877107e-01 6.487333519012800309e+00
7.330017363431324817e+00 5.073585297042732378e+01 8.239356512038638414e+01 3.353273510476182651e+01 9.729781740818150126e+01 1.401185458838232307e+02 4.456439223951242070e+02 5.087501727622420162e+02 1.138391297331831753e+00 2.246854228341187643e+00 7.088533468637877810e+00 1.876424503318591563e+00 7.877335652361038276e-01 3.863018077431032538e+00 2.873267425425682031e+00 3.863471077106252483e-01 3.234726597155130889e-01 4.047602173441400830e-01 2.412814174561186964e-01 1.095290508711042887e-01 3.516410578064263492e-01 9.957942866681992466e-01 6.469323361437986364e+00
7.263878383501253033e+00 5.075634457542949463e+01 8.245268832925992797e+01 3.354422456778814876e+01 9.731988295735469308e+01 1.401685112596216811e+02 4.456266836953204802e+02 5.086820576715268771e+02 1.141054899504344800e+00 2.222756986619063291e+00 7.121777745211944399e+00 1.832921571860000931e+00 7.289317082511923562e-01 3.872495527681500960e+00 2.833939578842760376e+00 3.803392698155235174e-01 3.333708733103690203e-01 4.031517203182161113e-01 2.448758176176660251e-01 1.173650167718130188e-01 3.491679941986443603e-01 9.971237314616216985e-01 6.430608597154216177e+00
7.247784684124763288e+00 5.077144457490661011e+01 8.245846231208128074e+01 3.354314307065759238e+01 9.732966300050881614e+01 1.401744703488368771e+02 4.456168208435648808e+02 5.086685579597562423e+02 1.143954427194728840e+00 2.223866784010651187e+00 7.138510116534858341e+00 1.807103788235307595e+00 6.883818156866777782e-01 3.862843223142809368e+00 2.821296893934970740e+00 3.880759879510652377e-01 3.236834797158133492e-01 4.083075568865173199e-01 2.417839310633235206e-01 1.159951644333240273e-01 3.523039715722691700e-01 9.990674118002655923e-01 6.397423034073065118e+00
7.253439593036480559e+00 5.077873264659672969e+01 8.245946213558295312e+01 3.355562511895190170e+01 9.732914341059088770e+01 1.401759312219055857e+02 4.456114267157826134e+02 5.086648044140545721e+02 1.131153348369970058e+00 2.236927018561778002e+00 7.128902097209413924e+00 1.822933881019801916e+00 6.793976765400416840e-01 3.848786953328857230e+00 2.820738104987631001e+00 3.885215876009069924e-01 3.302007504270351723e-01 4.092781800959143235e-01 2.432905880965754719e-01 1.079848882447252689e-01 3.533738586401461990e-01 9.988733805160900925e-01 6.386842616752293367e+00
7.156030214132218070e+00 5.079729898199691007e+01 8.250921644855718284e+01 3.356728523622878413e+01 9.735127966686367529e+01 1.402269168908105428e+02 4.455738391894217330e+02 5.085729250578166898e+02 1.139886889786221547e+00 2.233514361489215450e+00 7.163109251302206104e+00 1.798391154459070274e+00 6.013581792010552762e-01 3.829816417721710664e+00 2.769507266215074370e+00 3.876430355647785819e-01 3.255745346083213643e-01 4.105430442408136149e-01 2.418817333268139802e-01 1.120875245809343640e-01 3.518873701762759154e-01 9.969062988185694030e-01 6.349776108730519120e+00
7.220812343269305877e+00 5.076322016016327865e+01 8.247921689991477479e+01 3.353002242165782576e+01 9.735268240200265666e+01 1.401867050981716147e+02 4.455991481215089607e+02 5.086291134518397143e+02 1.134359360321027799e+00 2.254962745448080064e+00 7.135411046565672599e+00 1.804666207107919584e+00 6.567272315862282550e-01 3.852429285668314662e+00 2.814976533225872490e+00 3.883243585143246746e-01 3.219519467215752329e-01 4.105013545738506742e-01 2.387338288551318355e-01 9.898418545321607809e-02 3.522895086466742431e-01 9.967872042897290008e-01 6.373759310501441178e+00
7.061480624186074806e+00 5.080972331519883767e+01 8.256204956659055938e+01 3.358606262410268073e+01 9.738588307667444610e+01 1.403360489328022993e+02 4.455539730964948717e+02 5.084823026652215390e+02 1.145673953276160839e+00 2.220540967484582850e+00 7.203998087537723194e+00 1.744149759528160537e+00 5.327950130858213340e-01 3.847208165919205669e+00 2.716152902140018810e+00 3.913971119009349575e-01 3.276368159169479877e-01 4.194073152526880954e-01 2.483084673160032285e-01 1.186579242204567619e-01 3.520682266456287568e-01 9.980964886068162123e-01 6.287080031373723621e+00
7.034575083127512229e+00 5.081354763561361665e+01 8.259333449633595592e+01 3.357555285196905004e+01 9.742125400869042551e+01 1.403584540697254397e+02 4.455347317340695099e+02 5.084646280386543253e+02 1.153914436636284790e+00 2.227917174380373400e+00 7.218191900117862048e+00 1.721606861491868479e+00 5.193784050514068662e-01 3.814075527351618700e+00 2.681386171577061273e+00 3.863449177523825551e-01 3.302732068880464555e-01 4.154949591749759752e-01 2.433006275443109212e-01 1.222815730168204523e-01 3.510865473131146164e-01 9.993670504962934853e-01 6.281252861339784666e+00
7.120078323448666424e+00 5.078185001267652865e+01 8.255136406677510763e+01 3.354847187926507956e+01 9.739866716145542114e+01 1.402747475805647071e+02 4.455645096506704590e+02 5.085306687073021976e+02 1.143569051810927828e+00 2.260458237917557955e+00 7.178169154095802362e+00 1.751019751921982781e+00 5.750300336050593319e-01 3.818610534119263988e+00 2.747294958541897980e+00 3.820774952099135202e-01 3.302334131226425384e-01 4.093511582833444518e-01 2.414740887654799328e-01 1.177519391312835395e-01 3.496289303552270744e-01 9.993470738862452185e-01 6.320755695175347633e+00
6.980391915599748920e+00 5.083338065773440917e+01 8.264483356456308627e+01 3.357662495354478693e+01 9.742549707026117289e+01 1.403587589454008935e+02 4.455292683638436984e+02 5.084115582121116290e+02 1.142410409331517940e+00 2.235176416402254507e+00 7.216907854652842680e+00 1.695135409982986063e+00 4.814350310952525969e-01 3.826624744572151737e+00 2.673090937373217901e+00 3.838031629944401724e-01 3.283768417041934007e-01 4.155525369166597205e-01 2.374075083613758907e-01 1.008735690512836819e-01 3.505781058422546281e-01 9.980766275095172002e-01 6.247176711925328974e+00
6.931589958523810324e+00 5.087140846959208318e+01 8.269333580434921771e+01 3.359233946150815342e+01 9.743086403561179054e+01 1.404090941826697758e+02 4.455019155476501851e+02 5.083735509748295840e+02 1.163095415809720201e+00 2.230982681319004790e+00 7.243038149060538444e+00 1.654937788448546776e+00 4.316204383099410680e-01 3.825508820983327229e+00 2.618780081482253941e+00 3.804511156614356349e-01 3.308485268520591216e-01 4.208720019519114341e-01 2.382829180393322144e-01 1.009820775771181900e-01 3.477919226918146922e-01 9.984027556847178131e-01 6.206927263103340309e+00
6.704510803842899769e+00 5.096146809072496353e+01 8.281215738562012518e+01 3.363129784453679605e+01 9.749947907150054505e+01 1.405943080763827595e+02 4.454014557225568183e+02 5.081713517691146649e+02 1.139087885326993010e+00 2.209302091110566302e+00 7.345122658990367981e+00 1.552545537050973978e+00 2.618649792703768298e-01 3.787967885890755948e+00 2.476330651434337504e+00 3.829735967477892467e-01 3.334935231357137320e-01 4.404259741401408412e-01 2.383810876443938909e-01 1.061038543907863313e-01 3.486009026831349833e-01 9.977967306893966715e-01 6.101312682016068578e+00
6.607173593419107149e+00 5.097411454321828472e+01 8.285714712487327915e+01 3.365078331292342284e+01 9.749169874244410039e+01 1.407053702382871450e+02 4.453518922825711570e+02 5.081015529235827444e+02 1.157131063687943939e+00 2.187971389559195234e+00 7.368803787220696400e+00 1.524474996297594087e+00 2.178625116790106619e-01 3.786161440520815269e+00 2.428502550373477842e+00 3.828072523554636453e-01 3.397690623021422107e-01 4.529513280435625289e-01 2.435804317214814441e-01 1.225357458833245400e-01 3.479144819155732815e-01 9.990304609482676401e-01 6.045174555760608470e+00
6.661490060097173149e+00 5.096239672105777174e+01 8.282571395677561554e+01 3.365292183615755306e+01 9.747631180301311815e+01 1.406819770286963660e+02 4.453664694003790601e+02 5.081364310283163945e+02 1.144980127561963990e+00 2.194373501076786415e+00 7.356500875441939868e+00 1.526324184422890973e+00 2.177651944463686318e-01 3.777514368344176532e+00 2.441209514300946015e+00 3.811508049522993602e-01 3.326127890448527524e-01 4.523858224738872558e-01 2.392950786949492037e-01 9.919463728152153048e-02 3.462271836496208510e-01 9.990759793497179242e-01 6.059869916552348634e+00
6.628462745615523843e+00 5.099383311724014334e+01 8.286268142343618592e+01 3.368018529082881685e+01 9.747231631778220162e+01 1.407021951878372477e+02 4.453402281215453513e+02 5.080936699316982867e+02 1.131146373833693985e+00 2.182681562822490484e+00 7.367114293570531380e+00 1.538056794513296133e+00 1.743071915717098463e-01 3.778410892198798887e+00 2.402936671395213164e+00 3.753032215541150518e-01 3.350155019400595791e-01 4.607137766021672243e-01 2.341624990717174060e-01 9.853631953106002650e-02 3.455412196658050883e-01 9.958075401890980061e-01 6.034261394561170277e+00
6.572661482757070850e+00 5.102682104274786923e+01 8.289688344780634566e+01 3.367979504010201453e+01 9.748151851071138196e+01 1.407440591655301603e+02 4.453102017277244045e+02 5.080478150219157669e+02 1.144738864951100332e+00 2.200305912243668338e+00 7.382853867620527311e+00 1.526907614230882615e+00 1.419080284742376408e-01 3.774717912116390295e+00 2.365879867456165631e+00 3.774170905205208038e-01 3.328026387784446261e-01 4.739634226139300965e-01 2.338190088770011332e-01 9.096217095840351818e-02 3.441866286339871350e-01 9.981767561979185688e-01 5.996052298621149745e+00
6.515263965792615686e+00 5.102712445618679737e+01 8.292049405608881329e+01 3.370435968342688682e+01 9.749523321579258095e+01 1.407905887526706863e+02 4.452878952618829658e+02 5.080047969269411396e+02 1.153369726067055900e+00 2.182193154743223396e+00 7.399101555603746050e+00 1.510757950405926087e+00 1.254786199274190717e-01 3.775054052737167876e+00 2.333250858984739828e+00 3.786656170717455638e-01 3.369717147052854744e-01 4.819134129361531960e-01 2.366627111876083711e-01 1.033911469444773329e-01 3.451878227225108620e-01 9.936567628722792200e-01 5.969860263562266844e+00
6.513842089622438714e+00 5.101159511375613675e+01 8.291001109357996768e+01 3.370096345077452327e+01 9.751628103582244478e+01 1.408000714610633111e+02 4.452828464760768270e+02 5.080264281214892890e+02 1.145721309380790753e+00 2.182180506739733516e+00 7.381192940836701410e+00 1.511276123231813040e+00 1.321346782813819232e-01 3.785061112307451126e+00 2.326045894741322506e+00 3.713255912805572545e-01 3.430559273182376967e-01 4.732741380071627257e-01 2.318847166549032612e-01 8.978754697334774548e-02 3.433423413098679045e-01 9.948637380776113037e-01 5.955873169600823580e+00
6.437707114984529966e+00 5.105345285267878097e+01 8.296142958944051315e+01 3.372639734564484115e+01 9.753613710943594128e+01 1.408607016496281972e+02 4.452471146284731844e+02 5.079638766608872515e+02 1.142842051695526440e+00 2.177255786859069175e+00 7.411237217659625287e+00 1.471281429662656404e+00 9.885729620706174003e-02 3.787556475357260588e+00 2.281096354982487640e+00 3.720275520708505868e-01 3.373465572318020689e-01 4.902276340456039327e-01 2.271485762794587804e-01 7.719247786775813858e-02 3.417265237665406130e-01 9.968230420785539891e-01 5.926736155552084995e+00
7.569041169115479306e+00 5.052658393062582576e+01 8.224399401265814902e+01 3.331827118529822940e+01 9.723298005513161968e+01 1.395851061741290096e+02 4.457739000631803492e+02 5.092281819313148503e+02 1.095191099572746962e+00 2.264497262432590752e+00 6.871548308916224812e+00 2.310589689740926378e+00 1.087520245030487942e+00 4.023800383710398165e+00 3.153682505865272656e+00 3.877836629033367677e-01 3.290760428244854929e-01 4.011093547267870485e-01 2.466518695624003443e-01 8.671034078563119585e-02 3.532888033735681055e-01 9.966995981560882178e-01 6.529500126555790374e+00
7.565391606499966670e+00 5.054918281768398458e+01 8.225334059816336207e+01 3.330977703346203356e+01 9.724416073635926239e+01 1.395763004515688976e+02 4.457639201280294969e+02 5.092384710198638231e+02 1.113723547936652514e+00 2.289339515449305917e+00 6.875427160109996549e+00 2.316700374402891782e+00 1.076277993627831719e+00 4.017673210438349685e+00 3.162615738910472540e+00 3.846961812281844972e-01 3.276382139697222584e-01 3.998072627606185647e-01 2.398404016914013059e-01 7.856763391458285173e-02 3.524610345990308313e-01 9.999192052148683230e-01 6.525390013506041420e+00
7.544206023019543572e+00 5.054406773506358519e+01 8.227882326767939958e+01 3.331335724214554261e+01 9.724887443015205690e+01 1.395865009472486520e+02 4.457610835268155824e+02 5.092243168829647857e+02 1.125278720367303142e+00 2.267242524919654389e+00 6.888325421820432837e+00 2.317326780190836377e+00 1.071454082459203594e+00 4.020640069767910774e+00 3.168608592454018602e+00 3.897355074719424661e-01 3.233499297343720436e-01 3.999445559500498515e-01 2.417654549807933262e-01 9.829438000687931720e-02 3.545917393270834883e-01 9.989880921742626541e-01 6.528085356324281108e+00
7.539822220878931169e+00 5.052450781882299680e+01 8.227063692915211846e+01 3.329535589211754143e+01 9.725823887791420930e+01 1.395916688628420559e+02 4.457560580073534311e+02 5.092245652182966751e+02 1.119780700231650883e+00 2.260544626339132002e+00 6.903478000373618251e+00 2.329898950494018628e+00 1.077521503767956856e+00 4.028798419233114103e+00 3.168561392635404594e+00 3.894312089450930325e-01 3.270622594596377386e-01 4.030825491993880738e-01 2.433786015870962050e-01 9.547089614223054632e-02 3.548666694528734844e-01 9.918207965548238025e-01 6.520628456184404342e+00
7.535632836680979274e+00 5.052262329796175777e+01 8.226198564421191861e+01 3.329099954983040277e+01 9.724065155631231505e+01 1.395763736061881843e+02 4.457647653482185319e+02 5.092269981862378359e+02 1.119219052358065403e+00 2.255629845450136894e+00 6.925611513183952184e+00 2.316561456483487547e+00 1.096461286139845503e+00 4.033322872769449674e+00 3.169016609734403467e+00 3.911834090603815151e-01 3.292547911871838151e-01 4.021435593666624064e-01 2.459776202849550675e-01 1.031706073897108999e-01 3.558193074414341961e-01 9.958223470266590605e-01 6.539459630048805927e+00
7.544786473385709513e+00 5.052155109353802942e+01 8.226580829545791573e+01 3.328239774406444695e+01 9.724589526926443739e+01 1.395537801699343277e+02 4.457684839850667800e+02 5.092168148465157742e+02 1.137385379769250804e+00 2.266191038143316572e+00 6.946925438677798326e+00 2.325317126469458540e+00 1.086085517731042005e+00 4.016326043124494483e+00 3.173066993700161653e+00 3.858161948068313252e-01 3.207294305835621806e-01 4.002760199638522032e-01 2.416442699197259014e-01 9.830001932484444538e-02 3.515788543201456839e-01 9.997042404373973623e-01 6.545161003704501823e+00
7.543510131682579889e+00 5.051580789114451875e+01 8.227673256473804031e+01 3.329048689303822073e+01 9.724468011714397164e+01 1.395407925827003908e+02 4.457562579294304896e+02 5.092035619125077233e+02 1.113328505582598771e+00 2.280008080602453635e+00 6.953262408889751889e+00 2.330546039478464504e+00 1.083909387634997445e+00 4.031692676339559078e+00 3.200983959581665150e+00 3.939143954017332305e-01 3.177525595012035131e-01 4.016842729913129850e-01 2.423654528437925171e-01 8.655560658803854168e-02 3.551799367123497086e-01 9.941433178341935184e-01 6.534994640975972935e+00
7.546156473434723289e+00 5.052264179237539565e+01 8.227728693874342980e+01 3.327813431476904071e+01 9.725869652514583663e+01 1.395438077939857067e+02 4.457732299807141203e+02 5.092001251886148907e+02 1.130124704427533544e+00 2.280260694429237400e+00 6.943715878124295138e+00 2.312489749323582533e+00 1.076026749424119355e+00 4.015181057088954120e+00 3.181030958781624562e+00 3.873282389002670190e-01 3.239115252903373987e-01 4.010811781617740213e-01 2.395462625043441873e-01 8.689506953100260833e-02 3.534746185685749276e-01 9.940175814239791130e-01 6.527750771203847613e+00
7.541376072668541930e+00 5.051301307262995266e+01 8.228968662020821512e+01 3.328116567823956018e+01 9.726523301793523046e+01 1.395478542899320473e+02 4.457888449917006142e+02 5.091853548306063431e+02 1.116378920408721775e+00 2.274162525893065112e+00 6.961168652397454082e+00 2.314171395495820516e+00 1.080062060469818785e+00 3.998209686795175077e+00 3.186700824622493045e+00 3.894118517577182526e-01 3.279697003315827364e-01 4.008807331177774436e-01 2.402389216183324627e-01 8.633500182499473374e-02 3.555095331429171113e-01 9.997328791091901756e-01 6.547150334370379632e+00
7.533761176883282396e+00 5.052189275000620228e+01 8.228838159824942977e+01 3.329268481143226666e+01 9.724347295376230704e+01 1.395572903975349561e+02 4.458028986040706627e+02 5.092080846499439417e+02 1.107665017924430284e+00 2.252806877509558880e+00 6.956673778324341306e+00 2.309470000088130082e+00 1.090560287800075967e+00 4.009693070365161205e+00 3.171964863938858237e+00 3.867815795493237951e-01 3.241753781436533255e-01 4.013944026516332864e-01 2.414588083794853013e-01 8.339802578926851229e-02 3.527574102251875288e-01 9.949231703373595526e-01 6.561097552262151744e+00
7.551570089904408256e+00 5.053768355025567161e+01 8.227742921710790824e+01 3.331414546406162458e+01 9.723909872213725691e+01 1.395663674450796634e+02 4.457872850603020538e+02 5.092144437381770103e+02 1.098591532798582904e+00 2.256774888498035647e+00 6.936898725233787921e+00 2.302003863215086543e+00 1.083655657802487848e+00 3.996487137683253366e+00 3.166970676626350567e+00 3.888553458448580913e-01 3.281571825297894263e-01 3.996225417218601805e-01 2.429388558655376229e-01 9.315431610501441473e-02 3.547426997117810732e-01 9.996171497028697450e-01 6.570681388090555686e+00
7.539214582106430917e+00 5.054905823654417674e+01 8.228571785885289103e+01 3.331829259673060051e+01 9.725988037371939754e+01 1.395861173812591005e+02 4.458116542639808699e+02 5.092096133968422578e+02 1.120866918643219634e+00 2.227571459959829081e+00 6.949320571052274076e+00 2.295634324540015481e+00 1.078478021824956334e+00 3.958230244475321236e+00 3.189969881838757182e+00 3.906792322299751929e-01 3.236003248155734924e-01 4.024310033202673220e-01 2.414157157288807920e-01 8.415024701567419552e-02 3.548251412375338920e-01 9.973530003757933304e-01 6.598263443117744487e+00
7.538024823876177116e+00 5.054116841882844113e+01 8.228197392829629564e+01 3.333190726726979847e+01 9.728216724365614709e+01 1.395842769693502134e+02 4.458349369069345585e+02 5.091685833402543153e+02 1.144108734780737713e+00 2.211038978630822438e+00 6.960690300886825277e+00 2.281562138838418630e+00 1.077826587663194724e+00 3.959307891694728188e+00 3.190243656246565251e+00 3.910116007119263659e-01 3.249673235369386348e-01 4.012930786731815913e-01 2.440101967198275157e-01 9.670778855843437105e-02 3.545792716502892405e-01 9.982873724581223795e-01 6.627638797468420329e+00
7.524266052047186015e+00 5.055743825904176703e+01 8.228187735883740572e+01 3.331116754730429363e+01 9.726775960478992999e+01 1.395809913741650803e+02 4.458315639331170246e+02 5.091725737714346565e+02 1.144799598627264547e+00 2.206125798417397643e+00 6.970425978982660808e+00 2.270377112707939293e+00 1.084100300156805252e+00 3.948303347839542177e+00 3.194848795383796514e+00 3.893586666621642878e-01 3.302556756190102583e-01 4.029216290862995264e-01 2.435612295480256706e-01 9.712157653500864962e-02 3.549215804853117495e-01 9.989652008310547782e-01 6.640265615911411068e+00
7.526225900322914164e+00 5.056987704711255560e+01 8.227544363414997974e+01 3.330720941295300719e+01 9.725639314100780553e+01 1.395779918290680541e+02 4.458103145642563163e+02 5.091787997803793928e+02 1.126603574723938461e+00 2.222961983870188174e+00 6.958001483696758527e+00 2.252718988672727907e+00 1.081977911303399820e+00 3.973369567333369545e+00 3.195010140746679994e+00 3.910458111036861362e-01 3.214049955486598109e-01 4.034972237470934586e-01 2.438776001519968317e-01 1.001916598153447385e-01 3.543297773125924088e-01 9.984855404021241165e-01 6.614993837296338164e+00
7.529700386998937844e+00 5.057048135932026156e+01 8.227714172808580884e+01 3.329677975665589429e+01 9.725889123191886654e+01 1.395525595452507162e+02 4.458202399187040328e+02 5.091718280184480250e+02 1.153688550527305345e+00 2.231172539595771109e+00 6.984297962195967102e+00 2.251317173925635018e+00 1.068295768807947299e+00 3.965490286749065341e+00 3.176399701120494523e+00 3.838207828637949515e-01 3.251751303687254735e-01 3.980214177202027748e-01 2.406186276953925784e-01 9.844918793863345619e-02 3.512232207085108637e-01 9.985510892607224465e-01 6.619576240828144442e+00
7.529823534253443640e+00 5.058972059468707272e+01 8.228362398492065211e+01 3.330178913608762059e+01 9.726529398734884069e+01 1.395710322666171237e+02 4.458287732590180212e+02 5.091766579277423261e+02 1.154220620526180241e+00 2.228681393121474841e+00 6.986679523109643242e+00 2.246986432828190328e+00 1.075682543591329754e+00 3.970283575018907829e+00 3.172746736121839994e+00 3.817885587015544813e-01 3.263756588755793442e-01 3.983646854425271222e-01 2.376215630500780884e-01 7.857672425112108283e-02 3.505306122114995038e-01 9.998290800040353643e-01 6.612748009353194512e+00
7.527957246987168283e+00 5.058341532378261718e+01 8.229622811989101194e+01 3.329987326549534288e+01 9.727803737751806068e+01 1.395611343231196315e+02 4.458228012938458278e+02 5.091942747740558843e+02 1.152964485489746282e+00 2.219288578331165773e+00 6.992274882921733159e+00 2.249619101718732583e+00 1.075948916385364162e+00 3.961489979403199690e+00 3.193830535635544976e+00 3.883900798046315272e-01 3.264856844852196405e-01 3.998905847943678427e-01 2.423471340141099550e-01 9.807659845830081491e-02 3.540710449565591666e-01 9.984718932670145763e-01 6.590696676537157295e+00
7.518432008133203226e+00 5.058763648372995192e+01 8.230248831609809201e+01 3.330075976819474448e+01 9.728707167466265560e+01 1.395447175605928294e+02 4.458290693159765965e+02 5.091875947645457359e+02 1.133931840882951514e+00 2.222924921362943618e+00 7.019907703669466592e+00 2.245690470827443441e+00 1.075603146330031956e+00 3.984551825132130354e+00 3.193018306492334535e+00 3.857168722757758350e-01 3.207099810593697087e-01 3.984093906566248400e-01 2.412168869775099811e-01 9.666220641438284800e-02 3.512509350856544699e-01 9.975159843085519285e-01 6.557024557795816833e+00
7.514475013410810256e+00 5.058247191353104455e+01 8.228218597163625248e+01 3.332471262703367643e+01 9.729812480921287943e+01 1.395839103951250308e+02 4.458281185059062182e+02 5.091797313579673414e+02 1.131984507066210677e+00 2.203942172778293962e+00 6.966439441052471260e+00 2.241511288243088096e+00 1.062109702477047612e+00 3.981718020030686311e+00 3.180838503202714218e+00 3.819803597200845946e-01 3.237507078162566998e-01 3.970019048671387107e-01 2.399114116601535895e-01 9.516887827029502089e-02 3.504392646611845796e-01 9.978995166886974744e-01 6.551420658004786901e+00
7.543795189373694754e+00 5.057799377353696002e+01 8.228605721485403990e+01 3.333415950998706023e+01 9.729836138176284521e+01 1.395786197924293504e+02 4.458112339879558021e+02 5.092098552192560419e+02 1.132636588191034299e+00 2.208785373402269325e+00 6.922245842637794411e+00 2.214144320453782289e+00 1.053223379570453533e+00 4.009126972617802487e+00 3.176110595811902026e+00 3.851039135250008960e-01 3.209736560534830474e-01 3.970243933224000266e-01 2.403268929429727974e-01 9.612922924227071397e-02 3.511260066174317629e-01 9.972974491322668111e-01 6.523523076823680711e+00
7.535553151126120675e+00 5.058078054702333048e+01 8.228788459613909367e+01 3.335336367438158334e+01 9.729381921775505759e+01 1.395489607284763451e+02 4.458046490765156022e+02 5.092065322233102620e+02 1.126925922613249753e+00 2.233022437002736726e+00 6.935643941094978615e+00 2.240060926679956488e+00 1.049417108562539447e+00 4.001839501343953387e+00 3.180903950705274319e+00 3.881530029424573591e-01 3.284642669027495465e-01 3.999367426362692712e-01 2.446013643422231265e-01 1.024468721156999440e-01 3.539534615616555802e-01 9.977959517906277442e-01 6.495971074478189777e+00
7.536208426196091104e+00 5.057392699265452052e+01 8.229276714191981057e+01 3.333051569983134499e+01 9.730920820814317551e+01 1.395488092263517785e+02 4.458354287325294649e+02 5.092271034620668502e+02 1.137690021854323552e+00 2.213526077442876883e+00 6.937392513396263283e+00 2.237181177059726522e+00 1.037175258174382497e+00 4.000037575005404022e+00 3.163235481134861526e+00 3.933430915786925164e-01 3.246629022174805645e-01 4.055593459934569434e-01 2.465245821194401166e-01 1.045679845956758308e-01 3.556632985700035610e-01 9.962837683595309191e-01 6.482563654231865868e+00
7.520295431237315142e+00 5.059256515606962523e+01 8.233127465162374392e+01 3.333817705250963570e+01 9.730808259107047320e+01 1.395577565344230777e+02 4.458225613610495088e+02 5.092267374845319523e+02 1.155022106039132801e+00 2.209429684101924085e+00 6.926343321129892594e+00 2.234072352739230549e+00 1.044949777754679898e+00 3.993793000838757656e+00 3.155497697772751131e+00 3.938034271058697411e-01 3.265913218094618209e-01 4.039753269360153443e-01 2.449487885951818489e-01 1.000565935607162366e-01 3.557038511551450788e-01 9.996286806432225225e-01 6.482143677285039374e+00
7.509594292622422174e+00 5.059381703803363450e+01 8.231892717892033318e+01 3.332751340362585069e+01 9.728986484363419152e+01 1.395579133897292650e+02 4.458002297306711625e+02 5.092233013560197605e+02 1.154768265230109892e+00 2.185118239932895889e+00 6.900149989021774566e+00 2.254449058575292320e+00 1.062865260689606295e+00 3.979128110164853904e+00 3.166587682038782603e+00 3.959837352812053957e-01 3.363307140359897973e-01 4.053431146037047017e-01 2.527562576534916339e-01 1.225016032838777136e-01 3.582313021646141293e-01 9.994796612793440671e-01 6.468201368940520446e+00
7.506327917669690208e+00 5.060728490565706750e+01 8.232999481531761887e+01 3.333328816879092926e+01 9.726989915478451110e+01 1.395665654218647376e+02 4.457874165645132507e+02 5.092357248960202014e+02 1.126739165234842854e+00 2.191407234486918210e+00 6.883353893903737308e+00 2.256805800278216090e+00 1.067434007565678522e+00 3.977641702149417036e+00 3.163615731001619302e+00 3.862748572017382642e-01 3.330134283445393417e-01 3.989405211852961042e-01 2.471463176151539598e-01 1.128031997694181471e-01 3.532052762922172073e-01 9.975488215727301711e-01 6.447704931715853682e+00
7.476671546894059439e+00 5.058379804465710805e+01 8.235140516230856633e+01 3.330524670401499776e+01 9.729032674486309418e+01 1.395854658991015356e+02 4.457695512086337430e+02 5.092412979257358643e+02 1.133748848247937424e+00 2.194467788581928147e+00 6.859507905155763474e+00 2.306390497763403324e+00 1.071501890518609112e+00 4.019930984664052964e+00 3.158742882573994937e+00 3.923441036615828992e-01 3.329810961333544150e-01 4.035211861930006472e-01 2.510376703286020805e-01 1.092956560602912353e-01 3.553512665925450120e-01 9.972649224128282697e-01 6.418611333256937890e+00
7.466948533564577772e+00 5.060135882580694755e+01 8.234085406631142234e+01 3.329175482924517127e+01 9.729214989882130737e+01 1.395807194667105477e+02 4.457849840901897664e+02 5.092356753103964024e+02 1.143634555643577633e+00 2.205722611545317680e+00 6.874802912705487046e+00 2.311510734686038404e+00 1.063936867639554418e+00 4.014716129454567906e+00 3.167704579093560735e+00 3.861622131251635781e-01 3.331455923888392290e-01 3.991312472168879188e-01 2.447013145879778084e-01 1.100759273968224677e-01 3.539583333453804048e-01 9.970143910448352464e-01 6.421987747901582999e+00
7.447200054960799953e+00 5.061740009247667871e+01 8.234585689676002573e+01 3.325428863397689838e+01 9.729606838405774738e+01 1.395920982551562020e+02 4.457756517406011767e+02 5.092245248418371375e+02 1.147463596947340791e+00 2.226457983550424125e+00 6.890865506810289531e+00 2.351862686176614758e+00 1.073514712031922613e+00 4.027985387486283209e+00 3.177037683929021306e+00 3.895923331843964554e-01 3.293972141677387055e-01 4.014264791949698208e-01 2.463376171916362156e-01 1.168787237648455934e-01 3.545038803013875750e-01 9.984809478667412419e-01 6.403290515206935929e+00
7.441151197678327556e+00 5.062477488167236572e+01 8.235109821303043987e+01 3.322130925232768561e+01 9.728706057420130549e+01 1.395890886798139547e+02 4.457512128429401059e+02 5.092040496357664665e+02 1.139543540909254471e+00 2.229984262428761355e+00 6.899200223984730762e+00 2.342463929179448900e+00 1.067515706767128592e+00 4.027787754197793113e+00 3.200078699226111212e+00 3.898576762530566731e-01 3.238134381718020816e-01 4.025422020552387736e-01 2.400216234284079930e-01 9.271346898625143496e-02 3.546746950528476550e-01 9.966710248647622228e-01 6.410971953177019955e+00
7.420875752428774952e+00 5.063285771986625861e+01 8.235827803531371671e+01 3.320241614803789076e+01 9.728395447887484693e+01 1.395869592889731621e+02 4.457512504016719959e+02 5.092196299144042086e+02 1.136576182038969929e+00 2.232747076772431782e+00 6.894291970418509052e+00 2.358290794915362643e+00 1.063715316271768074e+00 4.057758112603464973e+00 3.204672033569441414e+00 3.878441133069998603e-01 3.230677756857900373e-01 4.003131235834822554e-01 2.406307712471628668e-01 9.533274159381813218e-02 3.530278450976485627e-01 9.972408781475653461e-01 6.370361552586942366e+00
7.413997939541012272e+00 5.066061487260424201e+01 8.236388489692309633e+01 3.322978392751722510e+01 9.728575931539938892e+01 1.395625037590691591e+02 4.457723052544812958e+02 5.092120406336832161e+02 1.156133151081186972e+00 2.215502117326087816e+00 6.934566057862354249e+00 2.333056695907764766e+00 1.050331094971132639e+00 4.057333740079823947e+00 3.224271748276293259e+00 3.872443957545385618e-01 3.270728580320458878e-01 4.020584948584153828e-01 2.402351014058022594e-01 8.863718130497716396e-02 3.528753773199073129e-01 9.992999078190625273e-01 6.411477102609856260e+00
7.439411748046814488e+00 5.065204518826302404e+01 8.236270899956397784e+01 3.324615674960677580e+01 9.727542791471171313e+01 1.395581369611280991e+02 4.457732861949738776e+02 5.092159914912076601e+02 1.148197944262867365e+00 2.210191743115953678e+00 6.924243565068750605e+00 2.349092146797257641e+00 1.051275627309737448e+00 4.072497222084981772e+00 3.221223783582826794e+00 3.846210681449175883e-01 3.262231576153571955e-01 3.977152284604194565e-01 2.401863807248420246e-01 1.041057840421891756e-01 3.521806970955138061e-01 9.841318018951863422e-01 6.429686277390024074e+00
7.415209743674626708e+00 5.065025297573102847e+01 8.238319066988250938e+01 3.324155774252869833e+01 9.726564650548165503e+01 1.395664385986075047e+02 4.457749709599971766e+02 5.092238146532584437e+02 1.150900883113312290e+00 2.211187637406807571e+00 6.912223477634772628e+00 2.351790272081992317e+00 1.042991624616572688e+00 4.088065227846485072e+00 3.226730121748734081e+00 3.846457330609605041e-01 3.221640136947607203e-01 3.974284040684585295e-01 2.401178615000302552e-01 1.039526206949126508e-01 3.511324461225882043e-01 9.996119166960683033e-01 6.425343822665191773e+00
7.408483293496597177e+00 5.065544023304888555e+01 8.238260016736975899e+01 3.323875921531239896e+01 9.729858664596325468e+01 1.395567957030086745e+02 4.457733291188151270e+02 5.092241308451460782e+02 1.155118535349969555e+00 2.207757243960564164e+00 6.922075955809043002e+00 2.343163377597710539e+00 1.056905747517474570e+00 4.096069662094520503e+00 3.251088078666147574e+00 3.852558315120018784e-01 3.229255750156497795e-01 3.994910346006660395e-01 2.404349192885688880e-01 9.763226944946996888e-02 3.513555858649858310e-01 9.989322678599447114e-01 6.426799098786033504e+00
7.410296239408185492e+00 5.068741382342017232e+01 8.237730021120287915e+01 3.323216491964951302e+01 9.731530866786727074e+01 1.395474277254856190e+02 4.457624118045526416e+02 5.092403053728476721e+02 1.158535198010864242e+00 2.214870829983705214e+00 6.904960093572038993e+00 2.362813842816352761e+00 1.052205688073363898e+00 4.085270379822913966e+00 3.247797546680309289e+00 3.907546502123574461e-01 3.211714178381699369e-01 4.051579567897800049e-01 2.460080193975594798e-01 1.121669668632461897e-01 3.532551875600283831e-01 9.997947381868135253e-01 6.378754947820516996e+00
7.411185512756861549e+00 5.069913311581009197e+01 8.238655333104611600e+01 3.325999739242470810e+01 9.731353381358711374e+01 1.395533475220578623e+02 4.457515544509823258e+02 5.092558410301935510e+02 1.141234951831519240e+00 2.247626552493163121e+00 6.892632107515648698e+00 2.366947288430641283e+00 1.059465732797281623e+00 4.099129836213635691e+00 3.240339446468677664e+00 3.840426096934386191e-01 3.248287062210479803e-01 3.973389049028961395e-01 2.415233033116017114e-01 1.030862125969683463e-01 3.509383694192844128e-01 9.964502154032034431e-01 6.337790504452115670e+00
7.400251445493771563e+00 5.070837763966493839e+01 8.238347052986489416e+01 3.324814228039785036e+01 9.731627418074494074e+01 1.395728467299858551e+02 4.457509282390673206e+02 5.092524912608714089e+02 1.145375036008950520e+00 2.235788564523284006e+00 6.917987939743193593e+00 2.383183570615084790e+00 1.041324421951920876e+00 4.096584942292290421e+00 3.228218857360783733e+00 3.821267808580890990e-01 3.271651375139469908e-01 3.990441893865375733e-01 2.406723456468282674e-01 1.037448284074485860e-01 3.508250060712472251e-01 9.945117430485540533e-01 6.327321055369306002e+00
7.402542274914938325e+00 5.068929631598729912e+01 8.238119474975411549e+01 3.324146711932121434e+01 9.733732474772460819e+01 1.395555968554669164e+02 4.457550950725751591e+02 5.092527904656589612e+02 1.134331120001291549e+00 2.236882226395936701e+00 6.887300197310123551e+00 2.392119379795292655e+00 1.033804997679231619e+00 4.093426607318583876e+00 3.205268354909996731e+00 3.879580977046486745e-01 3.214616007309021861e-01 3.988102334295091089e-01 2.384105729886629998e-01 9.204055971319824447e-02 3.527552974401432784e-01 9.990259202269047289e-01 6.339268677513915762e+00
7.382269050386108589e+00 5.072903644733208495e+01 8.241232802121359668e+01 3.322839364201900025e+01 9.734228961079813303e+01 1.395597298656146563e+02 4.457668074352043277e+02 5.092343296796523191e+02 1.167347173135316662e+00 2.207726235337952314e+00 6.869669484560598782e+00 2.373519158292763720e+00 1.018325652396073977e+00 4.098624506407761103e+00 3.214213396476226503e+00 3.912550426240289370e-01 3.228609672508686579e-01 4.013067214833251350e-01 2.415743542198263427e-01 9.977853145004070279e-02 3.535745609585194682e-01 9.983503001727679349e-01 6.294342887185872648e+00
7.388422476677317441e+00 5.074919119989028360e+01 8.240664610320456518e+01 3.325153661591974696e+01 9.734524829787169153e+01 1.395657978716144783e+02 4.457659901436701944e+02 5.092241942490153406e+02 1.172346944054173834e+00 2.200248955650692118e+00 6.869412446868611966e+00 2.348831690748411027e+00 1.038170499099609456e+00 4.083579783716671407e+00 3.206565865298825813e+00 3.895259176147600755e-01 3.282081153542454333e-01 4.011214857913648624e-01 2.459052660455990080e-01 1.153580121466486891e-01 3.533239640477969234e-01 9.984585829303348481e-01 6.311612349088438378e+00
7.367111399157128204e+00 5.074848013437079430e+01 8.239621996926621250e+01 3.325628775721327912e+01 9.736271023015729043e+01 1.395690529224720819e+02 4.457762292886294517e+02 5.092155844286515958e+02 1.157782707663059130e+00 2.204549953044749433e+00 6.866342666708296960e+00 2.359137625184277276e+00 1.049401225745643984e+00 4.089780310671917718e+00 3.196361289386498772e+00 3.907126784613652593e-01 3.274070352830559250e-01 4.009835749862545873e-01 2.448596937511357541e-01 1.112054989515272319e-01 3.542147603958867852e-01 9.999499407076104518e-01 6.318545806173582413e+00
7.374401546219380599e+00 5.073163257041827023e+01 8.239236273111851006e+01 3.324629229913704620e+01 9.736929911463901988e+01 1.395828239911515425e+02 4.457861697349900965e+02 5.092158197841270066e+02 1.162119001493867820e+00 2.204053978591197449e+00 6.864164281394960376e+00 2.378781948165476390e+00 1.073748435102232168e+00 4.074844960146191575e+00 3.184631436177813413e+00 3.887489169864620231e-01 3.285301891271427688e-01 4.007240539868077156e-01 2.447930366325416773e-01 1.127062434404066393e-01 3.534221229335953174e-01 9.988601217725209258e-01 6.336175285266854473e+00
7.347643960456508694e+00 5.076928644852992534e+01 8.242577728801200010e+01 3.323303721179258474e+01 9.737355852193289252e+01 1.395748393458875682e+02 4.457968326704890387e+02 5.092153343033347710e+02 1.159474408541399049e+00 2.196027174581034025e+00 6.856997472451409337e+00 2.404019197157297949e+00 1.074632401253888592e+00 4.071906337606642445e+00 3.189950637588169879e+00 3.791789983166096722e-01 3.322912587064436041e-01 3.954487356005684240e-01 2.407176428190389850e-01 1.014587358524355887e-01 3.492063641569304600e-01 9.966010697651279671e-01 6.286674428694750461e+00
7.316865183621334090e+00 5.079485053157364405e+01 8.244398749009118887e+01 3.323739950579949465e+01 9.739683070337741810e+01 1.395698189650746883e+02 4.457776016157367280e+02 5.092320671212882530e+02 1.167740295236115333e+00 2.223207772444282249e+00 6.843294992151337297e+00 2.439000362098648900e+00 1.064338693674860226e+00 4.115449200869774948e+00 3.204426131806996203e+00 3.852957050096101899e-01 3.244761916939916113e-01 3.991053015163226747e-01 2.408734638512135817e-01 1.035298767166328432e-01 3.505555463425766849e-01 9.971309736890188180e-01 6.230830943244762388e+00
7.328385051034408626e+00 5.077470399535312140e+01 8.242366797712749360e+01 3.325228104052762745e+01 9.739901947138908156e+01 1.395695299165271308e+02 4.457888027284186592e+02 5.092065339965512862e+02 1.155248211787278878e+00 2.256363205055786469e+00 6.842055492366867497e+00 2.455178055680211191e+00 1.083293739098781794e+00 4.084221114289013244e+00 3.208622839733688004e+00 3.910397585690116862e-01 3.163714174509505983e-01 3.981057800341398778e-01 2.435026269286185430e-01 1.129947555478949955e-01 3.520803861334879659e-01 9.957503048018789826e-01 6.257280125665528381e+00
7.302102058942723239e+00 5.077772982875890762e+01 8.244747235653332496e+01 3.322359239743111203e+01 9.741032881909437435e+01 1.395966938876177608e+02 4.457854849044226171e+02 5.091902148482444090e+02 1.164654343239334144e+00 2.220366987737860676e+00 6.832271596069559472e+00 2.471800844523817098e+00 1.086308492882027243e+00 4.091486094905244286e+00 3.206372202801979654e+00 3.954749103320912007e-01 3.180965335241819902e-01 4.024554772316495943e-01 2.444680553411348878e-01 1.236781261336722393e-01 3.553277528309192190e-01 9.979985830540436531e-01 6.224870939659544078e+00
7.284647383600665549e+00 5.079646307743568912e+01 8.245832167550706515e+01 3.322138924151526140e+01 9.742835441153189890e+01 1.395859513874175946e+02 4.457879518906543694e+02 5.091879422126604595e+02 1.166690887940185828e+00 2.200845395915195013e+00 6.871749435197250122e+00 2.478392900101114904e+00 1.084148173492863965e+00 4.095286937571526842e+00 3.212706554254356917e+00 3.906108634624860243e-01 3.202957131363194376e-01 4.002085715439075986e-01 2.439460628485967675e-01 1.169274010755030901e-01 3.522788728491029753e-01 9.989876248117912638e-01 6.212845999838331856e+00
7.251015300801378238e+00 5.082110191223702600e+01 8.247047201552639706e+01 3.320347714863696353e+01 9.745113406328258066e+01 1.395825133152457056e+02 4.457703474533886379e+02 5.092002406305023783e+02 1.164709285511604797e+00 2.211109115048815354e+00 6.834557932483602549e+00 2.526206523262554793e+00 1.103129457690869453e+00 4.117023190081423145e+00 3.212310215534564861e+00 3.981882964363736011e-01 3.188788297628559198e-01 4.025204134541542356e-01 2.436836951833880882e-01 1.121036839761621468e-01 3.564715567299779342e-01 9.973583799651930537e-01 6.148598795562740804e+00
7.209389484602603204e+00 5.083240634901360977e+01 8.253593810981404033e+01 3.318133482796216782e+01 9.744598116411076205e+01 1.395389716939308187e+02 4.457666634827635335e+02 5.091780268840416284e+02 1.154174548146094548e+00 2.199287173241472271e+00 6.857739272080286774e+00 2.517245975254377655e+00 1.096959130363276858e+00 4.127152457182790002e+00 3.242311582960483829e+00 3.851784871998608084e-01 3.260267112379934273e-01 3.962501078548291700e-01 2.426141559561019456e-01 1.098496973254188408e-01 3.508888953411111733e-01 9.981111189462293920e-01 6.095726972488899165e+00
