6.445824793373403416e+00
5.104740400958365143e+01
8.295710660143546988e+01
3.372331805454940934e+01
9.753396871405091417e+01
1.408513389948635961e+02
4.452519714320571325e+02
5.079727807132767339e+02
1.142271148446238449e+00
2.178020454892557467e+00
7.411303931383384835e+00
1.475519853290836458e+00
1.028916796749958229e-01
3.788821057225490119e+00
2.286977211433125934e+00
3.702936869140975307e-01
3.366041088371197199e-01
4.904196154068207192e-01
2.281754962764977746e-01
7.704738467590302453e-02
3.409393438000927201e-01
9.982528122341614019e-01
5.931740229318386959e+00
