ts0__FREE	ts1__FREE	ts2__FREE	ts3__FREE	ts4__FREE	ts5__FREE	theta0__FREE	theta1__FREE	y0__FREE	y1__FREE	lambda0__FREE	lambda1__FREE	lambda2__FREE	lambda3__FREE	lambda4__FREE	p0__FREE	p1__FREE	p2__FREE	p3__FREE	p4__FREE	beta__FREE	fD__FREE	r__FREE
1.214631985241475398e+01 5.580066383815317010e+01 8.723937794895680042e+01 4.843915270027408582e+01 7.339298176012133013e+01 1.209342176770296788e+02 4.572996774837747580e+02 5.207830691245242178e+02 1.227352064263547815e+00 2.265885514196516404e+00 9.106839710231959817e-01 1.710281815467087352e+00 4.866728471647142062e-01 6.571144390822846182e-01 9.941929024156591410e+00 3.854679769564074432e-01 3.559690576785689009e-01 3.971456868457400868e-01 2.428096129183604790e-01 9.160430489187693093e-02 3.551903796717310602e-01 9.973945156998886841e-01 3.049404425299832688e+00
1.214174331553473074e+01 5.580853558377756229e+01 8.723731780617083587e+01 4.842551828442122996e+01 7.339153549100265650e+01 1.209477941384879358e+02 4.573577456926611262e+02 5.207859188208011574e+02 1.218170815869684454e+00 2.289471665553063140e+00 8.851996606404985979e-01 1.697975388457114043e+00 5.297113034419220767e-01 6.540171111700554540e-01 9.935053213035775599e+00 3.828516033538985619e-01 3.562856480114471314e-01 3.950866925443107247e-01 2.445929978716706032e-01 9.485690052294061536e-02 3.532655912997819114e-01 9.926318388436837781e-01 3.048207635223264322e+00
1.215881230143665448e+01 5.579641189950249469e+01 8.724174953743597882e+01 4.841630160608155364e+01 7.339895018073642063e+01 1.209455748716437995e+02 4.573543547863210392e+02 5.207794856392490601e+02 1.205774968098919819e+00 2.315367914074819566e+00 8.850917193604284083e-01 1.715276965744022331e+00 5.313449859403145403e-01 6.718761544973930189e-01 9.932589735522460828e+00 3.909990761175964336e-01 3.565319704902856768e-01 4.001191970176622981e-01 2.444536195524597555e-01 8.746691876228082640e-02 3.569153040277602829e-01 9.980980270237590490e-01 3.041490275180717795e+00
1.216344478679960872e+01 5.577974950636281903e+01 8.721827532071390010e+01 4.840085092945186318e+01 7.342174669098490369e+01 1.209429425974574031e+02 4.573500885727447667e+02 5.208046316167664145e+02 1.182931379043774989e+00 2.349367731899997480e+00 8.808108820277408268e-01 1.712109852584717595e+00 5.504102867738212002e-01 6.704688194642763888e-01 9.940606049281257128e+00 3.836451190217451956e-01 3.539610869993670694e-01 3.934390327464172277e-01 2.381194601589131377e-01 7.636724890871179894e-02 3.535508339292338653e-01 9.971494324759493377e-01 3.049653457397049294e+00
1.214854507390965210e+01 5.579770720450054000e+01 8.718638186354147024e+01 4.838550462394322693e+01 7.345202830759038193e+01 1.209502035096062968e+02 4.573494770228400057e+02 5.208190499023655775e+02 1.205231955709559655e+00 2.390260392280812329e+00 8.867922763135643871e-01 1.714205470490425709e+00 5.677480358526021398e-01 6.780541247572813290e-01 9.957486318627855937e+00 3.838349681157272042e-01 3.535654343423903501e-01 3.919182709076173832e-01 2.344395950185406141e-01 6.376881126129356481e-02 3.542954151650319350e-01 9.979210275052861068e-01 3.015077815530535332e+00
1.212012275782259607e+01 5.582378122232630346e+01 8.717902768347813947e+01 4.833981212587863752e+01 7.348945399572745885e+01 1.209634177321517257e+02 4.573547212073491437e+02 5.208214950975633428e+02 1.204574887068710964e+00 2.453677963795434014e+00 8.872557434828616252e-01 1.699784634904005554e+00 5.895336327837134016e-01 6.889536955707241672e-01 9.959682471227369049e+00 3.790479693473040590e-01 3.496988122054267012e-01 3.898641149604903933e-01 2.304529146454750987e-01 6.510958860448855245e-02 3.513568101023424872e-01 9.996037806523022651e-01 2.973775841144701726e+00
1.210872142431786713e+01 5.583353290208409447e+01 8.716784662056690536e+01 4.830796127595349532e+01 7.349619562786350002e+01 1.209691584104984940e+02 4.573876890486885713e+02 5.208412276578023921e+02 1.214112527820164100e+00 2.510628724690374902e+00 8.945493175107640527e-01 1.718089962502580947e+00 6.097687525487923699e-01 6.770283308058278049e-01 9.961719707865761109e+00 3.824002568500016186e-01 3.485658961569879644e-01 3.903929448402494451e-01 2.310997776319424213e-01 6.068374903572027607e-02 3.529014391105648740e-01 9.983838411924697009e-01 2.946054705976481447e+00
1.211045685219417933e+01 5.582259853862242949e+01 8.714576792901428348e+01 4.828637573526224003e+01 7.351159280402404761e+01 1.209581473067528492e+02 4.573827175764220101e+02 5.208538754290951829e+02 1.208702317878311172e+00 2.547007658965875887e+00 8.975737054528688530e-01 1.714234643147173776e+00 6.106512593783253173e-01 6.942358284128181678e-01 9.997245282568227864e+00 3.766472568766742191e-01 3.434703420624832249e-01 3.856480402570051091e-01 2.216158289418547200e-01 4.461162099979762430e-02 3.496782044468802475e-01 9.978579239414885338e-01 2.925212940621668256e+00
1.210968107403363270e+01 5.582159630061245537e+01 8.714474077269653662e+01 4.831085070303399220e+01 7.348491164603551340e+01 1.209669693261659660e+02 4.573657335830708917e+02 5.208355597383012991e+02 1.212032815805662356e+00 2.521742740726943044e+00 9.100945081064089059e-01 1.715385320878415110e+00 6.036762003331634929e-01 6.855683114856536697e-01 9.975251590094250886e+00 3.718991929595651391e-01 3.507515616541270198e-01 3.839838898128562494e-01 2.222792678648780329e-01 4.918394440209123558e-02 3.496406018242579905e-01 9.996057410878367300e-01 2.943132058361876080e+00
1.211673829697848070e+01 5.584192389768859499e+01 8.710997208979601680e+01 4.828724860040103550e+01 7.350498280318436173e+01 1.209776444939735853e+02 4.574064003005743757e+02 5.208656037111636579e+02 1.218663504106671569e+00 2.592388895070455224e+00 9.091937647531426192e-01 1.708161917259370943e+00 6.685463604579914287e-01 6.838569460536911837e-01 9.991549262160091871e+00 3.820626295916059179e-01 3.461861618350710601e-01 3.871354478002057564e-01 2.273120038525061615e-01 4.593623087758568618e-02 3.523518751993707787e-01 9.990320438430456695e-01 2.879728053139740673e+00
1.208130705809755767e+01 5.584196203550254012e+01 8.707127735667104673e+01 4.825031024671047675e+01 7.353871118625461634e+01 1.209828109302675045e+02 4.574485020085257929e+02 5.208811769801143328e+02 1.211149415599984458e+00 2.688331428763475639e+00 9.049497359477240988e-01 1.693467645392305432e+00 7.313868953890364510e-01 7.001170161297944894e-01 9.999059535203764781e+00 3.770847614616740229e-01 3.485021226026902563e-01 3.852280769053578746e-01 2.258871080453904723e-01 3.246187317168613973e-02 3.504990172464134135e-01 9.993332302751452012e-01 2.820196352938692197e+00
1.205259044751503161e+01 5.586912473582231797e+01 8.704040581698637880e+01 4.823618800605166257e+01 7.353407065542943144e+01 1.209903535857917944e+02 4.574665546643889797e+02 5.208905643614206156e+02 1.208583937001109110e+00 2.710728716045824438e+00 8.837410363591059470e-01 1.692635380269482903e+00 7.521293471044502299e-01 6.891136953790322206e-01 9.983447736948166451e+00 3.817422124912873138e-01 3.466462610691740664e-01 3.822220291401124959e-01 2.166008522805829839e-01 2.061126692048058026e-02 3.528719355476778174e-01 9.973213680813892701e-01 2.804719385840978685e+00
1.203545996412409380e+01 5.587493254999881742e+01 8.704208338212457363e+01 4.820504344805548413e+01 7.354049304652404828e+01 1.209645146577597217e+02 4.574781625704151224e+02 5.209202974140333708e+02 1.215466311048737813e+00 2.729700224004638187e+00 9.084239060212838668e-01 1.686144019417176398e+00 7.741499028197664778e-01 6.993626040998087712e-01 9.991222175670875671e+00 3.707539225910754244e-01 3.416407303041928412e-01 3.766792008889127130e-01 2.113113094528066283e-01 1.666486752987724612e-02 3.478778636238282207e-01 9.954664251195893820e-01 2.772298604597193350e+00
1.204318238070463742e+01 5.584813233646421082e+01 8.706425926416501682e+01 4.820662680153181157e+01 7.352995631407995347e+01 1.209481897363960314e+02 4.574966253434405985e+02 5.209381525287438990e+02 1.222389651403350097e+00 2.681078045857537173e+00 9.339668209433379387e-01 1.677210969029879095e+00 7.588565517122751736e-01 7.335036592521532173e-01 9.977249541465848637e+00 3.792264378468251929e-01 3.451938436790986109e-01 3.822667177297312535e-01 2.156530946583161967e-01 1.488702494396952278e-02 3.517708229568963230e-01 9.999722079082647985e-01 2.785422301478096330e+00
1.200931442433817153e+01 5.587885419780862151e+01 8.704400115078573208e+01 4.820337383018903665e+01 7.355690981277668072e+01 1.209376706591143318e+02 4.575176450483863846e+02 5.209695172393231815e+02 1.218286820834076689e+00 2.770815819264726088e+00 9.372980960305772324e-01 1.675315490882835157e+00 8.061942980498066902e-01 7.114229674291182581e-01 9.994688154082815856e+00 3.776028263392312567e-01 3.447330267463058484e-01 3.779486212329628003e-01 2.122913071382206140e-01 1.316766182176792345e-02 3.517171600470762050e-01 9.996965034597750099e-01 2.716830840133681146e+00
1.201574263305571044e+01 5.587656352412970762e+01 8.703250649778500758e+01 4.823667591988511560e+01 7.356114888605060287e+01 1.209316046645505907e+02 4.574919582469110537e+02 5.209659749172211605e+02 1.218965326775772073e+00 2.753773719847804280e+00 9.282224467666603251e-01 1.674657505618212916e+00 7.936297408931654029e-01 7.081453895738317739e-01 9.995446158568844552e+00 3.748043272326172515e-01 3.429886905644455863e-01 3.774668001171080367e-01 2.124482546314034603e-01 2.862601684131681201e-02 3.508230817418405145e-01 9.987575505113993612e-01 2.746189425228415804e+00
1.199595119517563369e+01 5.589145804511361604e+01 8.701301215007431722e+01 4.816322600604402027e+01 7.357530095889930521e+01 1.209319353111286262e+02 4.575347244391781487e+02 5.209885820479611311e+02 1.223647603364688363e+00 2.831291419575208135e+00 9.232008439447589865e-01 1.674075412019892406e+00 8.176722389620134646e-01 7.018716645898227524e-01 9.977728933753974516e+00 3.738290099540397260e-01 3.460951098522614400e-01 3.805306355091897519e-01 2.181128227627995297e-01 1.132741357690507898e-02 3.489697632183736964e-01 9.992605800367904134e-01 2.703100905129586007e+00
1.198990604676548699e+01 5.593434610261912354e+01 8.699543464855625530e+01 4.817376280598701754e+01 7.357612158173866135e+01 1.209400530711354520e+02 4.575138956276610429e+02 5.209802456519836369e+02 1.240843181484580615e+00 2.826809891642002803e+00 9.435056876945877580e-01 1.661446338184407567e+00 8.120488888257842985e-01 7.151347070198305067e-01 9.962392398882899514e+00 3.757921264212807921e-01 3.449688439427672226e-01 3.820862804519065126e-01 2.134843017415768984e-01 1.252570861962019021e-02 3.508622810122546398e-01 9.987621150883382315e-01 2.687932377298694941e+00
1.199142003512882582e+01 5.594895594778456882e+01 8.700431833164364548e+01 4.815203022065087168e+01 7.357593509288217604e+01 1.209471415225854685e+02 4.575092873592299156e+02 5.209883372591672241e+02 1.250420936413992656e+00 2.803188329950403457e+00 9.242888971547302823e-01 1.660814763188347642e+00 8.019523573029556651e-01 7.240346497159193540e-01 9.963843936627849729e+00 3.800284695375277244e-01 3.427962464796229236e-01 3.803603194783802266e-01 2.131899691332228008e-01 5.656970397587680541e-03 3.518621080431765802e-01 9.995687900708061235e-01 2.675752400216186100e+00
1.198062604761245353e+01 5.597687089255963144e+01 8.693666471201201773e+01 4.809769831030633469e+01 7.361184459750256792e+01 1.209420353626949520e+02 4.575427453288841093e+02 5.210233311462202437e+02 1.228445375404369155e+00 2.920992421971674080e+00 9.267866818475125612e-01 1.674974555924830133e+00 9.050677493983818600e-01 7.368975104769630580e-01 9.971754437742456290e+00 3.779738221796704045e-01 3.438611906986798750e-01 3.783604906849589722e-01 2.208598528922345039e-01 1.420978591718436747e-02 3.503572502787252740e-01 9.990757885226554391e-01 2.581695339853653959e+00
1.199351399639760452e+01 5.597266378853419866e+01 8.693576112591667027e+01 4.810734069191625650e+01 7.362675208762456691e+01 1.209578513895287273e+02 4.575358171759820607e+02 5.210355918143349072e+02 1.231610994214078714e+00 2.932494404298866986e+00 9.041726929378983701e-01 1.685675452437669364e+00 8.821463785175504002e-01 7.563286096049174345e-01 9.970561971586512584e+00 3.784804984549227647e-01 3.399195639256948342e-01 3.776156843191193491e-01 2.110282729288159576e-01 2.961430407274426996e-05 3.507801634083300146e-01 9.997610851411412591e-01 2.604918251262761775e+00
1.198375981563156145e+01 5.598531471270518267e+01 8.693011149597141696e+01 4.812670698743722397e+01 7.361688025095389776e+01 1.209708403290376992e+02 4.575567300712459087e+02 5.210184855841612261e+02 1.232741397473131606e+00 2.927791278445557754e+00 8.825054505831064766e-01 1.694579614411857893e+00 9.140510923714381120e-01 7.732351219852114932e-01 9.953731182114026410e+00 3.697935619222807446e-01 3.475415113619881868e-01 3.731917235621673989e-01 2.163960295111841681e-01 1.809864943150278974e-02 3.477425840185155992e-01 9.992959263634977329e-01 2.582467101845923096e+00
1.196812922542462410e+01 5.602205252897688581e+01 8.689608978959371655e+01 4.811000429855199201e+01 7.367466737364847518e+01 1.209538780652203087e+02 4.575778162582766413e+02 5.210326092822509736e+02 1.232999672037502936e+00 2.951731478838631073e+00 9.001178892126403541e-01 1.700247380148991683e+00 9.396983216111844950e-01 7.959136660092918092e-01 9.959286960011787926e+00 3.803306958989434716e-01 3.460287660872285453e-01 3.826814142559601395e-01 2.182725564073441371e-01 1.221224166640663689e-02 3.519686992019737670e-01 9.974486986780545239e-01 2.549309822284658633e+00
1.198634496585209952e+01 5.598758112130443010e+01 8.690845243314397806e+01 4.812361199941716450e+01 7.367975546302912448e+01 1.209549227355308147e+02 4.575618066903003296e+02 5.210511090371220462e+02 1.227280423653978048e+00 2.919703468172158090e+00 8.753440385759763132e-01 1.692096166126882739e+00 9.372263018929452016e-01 7.807860133284640902e-01 9.969864024000322900e+00 3.759073165507614278e-01 3.419349289408970538e-01 3.783128752280134899e-01 2.140556439897828289e-01 1.515562547533270271e-02 3.491267748385924463e-01 9.992412845475810990e-01 2.569361908412044926e+00
1.199271938458272047e+01 5.599564762727209910e+01 8.690668527115374786e+01 4.812955378120762617e+01 7.370171950346298217e+01 1.209526178327852932e+02 4.575783387722318594e+02 5.210576096433683233e+02 1.225450928073263723e+00 2.927130136234278979e+00 8.758297392505688395e-01 1.715082115352800418e+00 9.398498603396688855e-01 7.767675538041618477e-01 9.951505990358256781e+00 3.769916355828062393e-01 3.482319749979249091e-01 3.737071421000073279e-01 2.156953649104439430e-01 1.752864960506522393e-02 3.513944395102476248e-01 9.974413934759418510e-01 2.544411518225400126e+00
1.200809383456070556e+01 5.594037840985281917e+01 8.694644830423673909e+01 4.816761629989835569e+01 7.365834028591542904e+01 1.209429757746760146e+02 4.575271645487506476e+02 5.210252323089207493e+02 1.235710069380604237e+00 2.842106334007877155e+00 8.756106405831445283e-01 1.730894544776813593e+00 8.914995353691499425e-01 7.594646881896218726e-01 9.940108940229835710e+00 3.797253238376888662e-01 3.434058745676649704e-01 3.769331479739895241e-01 2.153985647197851627e-01 1.870199992432087718e-02 3.516206392998776908e-01 9.991231197512792095e-01 2.627054000838862979e+00
1.200133822091143543e+01 5.595484947407305043e+01 8.694937476206162330e+01 4.816197034955936118e+01 7.365003515594705163e+01 1.209492010460718774e+02 4.575448236102250235e+02 5.210118387868938044e+02 1.243045525558068576e+00 2.827672582626727493e+00 8.698330431030888432e-01 1.713190672962265015e+00 8.662772782659766690e-01 7.750211107930053966e-01 9.960179112737908014e+00 3.844976436861576863e-01 3.425224815964522107e-01 3.826884125625303334e-01 2.182606773653784082e-01 1.289969152859949016e-02 3.526556379750233616e-01 9.995876789390956141e-01 2.668652160625693437e+00
1.198651887119718040e+01 5.595652088240464650e+01 8.696624565359412884e+01 4.816112060725190247e+01 7.366551574265152169e+01 1.209534828365368213e+02 4.575599668603906025e+02 5.209932248420885799e+02 1.253299414300812931e+00 2.842593624606935876e+00 8.489903990790418353e-01 1.721261204553668822e+00 8.640605857609828799e-01 7.549185856582463217e-01 9.975977076743594907e+00 3.772058176257291895e-01 3.431492440194054416e-01 3.748523126057041188e-01 2.077767468245123317e-01 2.306729314671917847e-03 3.509450934869601246e-01 9.972357164017812137e-01 2.677916629114170277e+00
1.198625306549965330e+01 5.595112410660238567e+01 8.695390731521162309e+01 4.813642154492489311e+01 7.364835445945961112e+01 1.209612139565419113e+02 4.575614604004844637e+02 5.209749250994137810e+02 1.255064527366835270e+00 2.873415680172678677e+00 8.577758886756563506e-01 1.716066546856661823e+00 8.683661461157397010e-01 7.550129311474409466e-01 9.981521952309503121e+00 3.768992869039572424e-01 3.394688731025610196e-01 3.771016657361946356e-01 2.066588987133873012e-01 3.123149798517574089e-03 3.500465534715353488e-01 9.992011283989572501e-01 2.684056767473225857e+00
1.203973468749435050e+01 5.590561490062371064e+01 8.703047421753988999e+01 4.821725788330603990e+01 7.359173444474960490e+01 1.209726372910554630e+02 4.575009379330642787e+02 5.209169228652484662e+02 1.223049127065372943e+00 2.716423998043866916e+00 8.556010777500453468e-01 1.725415336580911729e+00 7.548492214022918256e-01 7.208885687690697042e-01 9.983063379291914785e+00 3.791027581932559509e-01 3.448318377134431678e-01 3.818905896116153165e-01 2.172306763492890813e-01 2.423579224537454960e-02 3.508363163795467643e-01 9.998629086291501711e-01 2.780995799558354520e+00
1.204045994712357448e+01 5.592916079173863153e+01 8.699485580755212766e+01 4.818422986991490831e+01 7.362201560016275437e+01 1.209897014468452454e+02 4.575562892270910993e+02 5.209399300603529355e+02 1.208350479592541715e+00 2.797430158645640041e+00 8.484574056414150300e-01 1.754513581767102259e+00 8.194892128683787247e-01 7.167715316324920760e-01 9.979402818388557250e+00 3.819809062520571064e-01 3.467087676292178178e-01 3.740963394268915221e-01 2.113383862659123369e-01 1.351445937260329841e-02 3.543930158426210619e-01 9.990822246075601321e-01 2.706500472338573271e+00
1.203495036468637203e+01 5.594397019300679830e+01 8.698744612763198347e+01 4.818565668862144236e+01 7.363076733828263798e+01 1.209932427423362498e+02 4.575552752761190618e+02 5.209651143645800175e+02 1.218809527332725740e+00 2.799214245585440963e+00 8.690708844615833151e-01 1.754450767956719170e+00 8.202591147367488400e-01 7.168271836135957642e-01 9.947109656117971710e+00 3.773011078126737305e-01 3.433885573643872258e-01 3.817797402665607520e-01 2.182048964362826027e-01 3.210896023008272954e-02 3.496005611330551544e-01 9.993689205052593838e-01 2.697164826787593839e+00
1.200261970489838603e+01 5.595642072782068510e+01 8.694991741152853137e+01 4.813770107309175472e+01 7.366928476414690863e+01 1.209804532382045750e+02 4.575783582995774736e+02 5.209794050130008145e+02 1.226910231356902470e+00 2.886269594132490290e+00 8.637191825592192007e-01 1.751779384866105405e+00 8.745521459450211754e-01 7.169140969607992186e-01 9.956844420699459519e+00 3.714930002734035397e-01 3.427986771379151754e-01 3.768312501104927326e-01 2.147890760605136173e-01 1.539724655139669031e-02 3.473702287411949974e-01 9.984786411424072528e-01 2.644232570217095013e+00
1.195770857708268764e+01 5.599148875007248449e+01 8.690020216072626624e+01 4.807919454166696482e+01 7.373211400520828818e+01 1.209817166009182046e+02 4.576233218696043537e+02 5.210342972189927195e+02 1.214239091876494925e+00 2.980697124769966511e+00 8.519541435646525995e-01 1.752849426215436379e+00 9.515859051668558166e-01 7.435830218048257167e-01 9.958222433360704784e+00 3.764866342406045785e-01 3.428216691878607225e-01 3.741005711989674465e-01 2.162243287003065284e-01 4.934635126121006583e-03 3.488016123512777678e-01 9.968425890867805839e-01 2.538237573013176096e+00
1.200427442569890957e+01 5.594685079180430876e+01 8.699549889578666750e+01 4.819382779684424634e+01 7.363676500476890396e+01 1.209740452305621119e+02 4.575912357612174333e+02 5.209984683874317852e+02 1.219967280640950502e+00 2.787670989333943083e+00 8.525868523797052179e-01 1.760900938315026476e+00 8.440670498171182201e-01 7.168081601197483499e-01 9.946660072236950256e+00 3.772970665075081609e-01 3.409801665819279237e-01 3.766835990914107479e-01 2.146878305496361383e-01 1.405581992750913958e-02 3.491603023688259477e-01 9.992913634627954567e-01 2.687819618396801058e+00
1.198616423746316428e+01 5.596100956924708214e+01 8.699693719966599303e+01 4.817151358954762230e+01 7.364647241674479972e+01 1.209716869201211864e+02 4.576314249818467488e+02 5.210120669228439283e+02 1.211716168039125074e+00 2.863793517841851433e+00 8.401462881014307715e-01 1.744996153261368699e+00 8.915861645843893291e-01 7.221601043559293664e-01 9.960873355471433044e+00 3.769907155295546541e-01 3.451765131332292791e-01 3.758692173673386927e-01 2.134083102182174618e-01 9.199833538043905579e-03 3.501152210368008166e-01 9.983208599167148201e-01 2.622306745599005229e+00
1.200979660106676405e+01 5.590859296301908898e+01 8.703842004547418298e+01 4.820778073064504810e+01 7.361053769199622820e+01 1.209750315093004076e+02 4.575973347984596558e+02 5.209370172051379768e+02 1.203405920208348689e+00 2.761838441666629507e+00 8.357027349346011214e-01 1.763758356711140118e+00 8.001755252109714611e-01 7.108573167800059656e-01 9.971425211622346296e+00 3.787976331975848043e-01 3.474559745458287718e-01 3.744607887637164123e-01 2.151462054288305614e-01 7.769773958352620136e-03 3.511319231094933713e-01 9.998898786944611095e-01 2.680634679280300414e+00
1.199441745179052710e+01 5.594260094809229855e+01 8.701936395594785267e+01 4.818959005379774396e+01 7.364504832834236936e+01 1.209871558441076473e+02 4.576105728860980548e+02 5.209415579462771575e+02 1.194940230721724506e+00 2.796185859209638025e+00 8.305349150797367574e-01 1.762537273524143355e+00 8.369451077227360036e-01 7.022532684197988484e-01 9.976172995302222901e+00 3.801215828245542716e-01 3.439766856148287477e-01 3.783139183054100574e-01 2.165287245956911411e-01 2.000544499450960731e-02 3.505597937436504274e-01 9.990138014315176340e-01 2.657262540964554720e+00
1.198410044385498630e+01 5.594220627707720439e+01 8.700867323839581502e+01 4.820038743971360162e+01 7.365405298300947834e+01 1.209956047595979953e+02 4.576137051865946432e+02 5.209522471177155012e+02 1.205586713030586843e+00 2.792439719438845724e+00 8.340348916375704968e-01 1.764322640566421185e+00 8.882612312575941527e-01 6.909430574221612220e-01 9.968217654027602848e+00 3.845741982463347086e-01 3.434900416333180329e-01 3.814991366870615908e-01 2.227322376920772840e-01 1.685467524693486790e-02 3.514421437990588037e-01 9.979116432748633692e-01 2.661804346120467457e+00
1.192428336225011698e+01 5.599576448000437523e+01 8.695681442134080896e+01 4.814530271341830314e+01 7.371561134570799823e+01 1.209949386901263750e+02 4.576907801941821390e+02 5.210018756539501510e+02 1.195775216341864677e+00 2.909392149124694349e+00 8.105732809229458935e-01 1.764373550102782628e+00 9.525444107513558745e-01 7.044353103338134581e-01 9.976416046875835164e+00 3.823382354182888743e-01 3.428660220819003679e-01 3.737701636855181309e-01 2.088080851287966166e-01 3.257146141019147140e-03 3.521398563826158568e-01 9.999824124706822026e-01 2.539592931583036783e+00
1.195884743285841623e+01 5.599897202698027598e+01 8.697621996323144344e+01 4.813212837894232621e+01 7.368291726105027806e+01 1.209780831596006863e+02 4.576910492397601615e+02 5.209780408111475936e+02 1.207077685779551102e+00 2.838846520179705735e+00 7.998879966773847494e-01 1.772155295336599989e+00 9.260861992017968003e-01 7.102296460662214095e-01 9.996748733701128486e+00 3.763758920534546748e-01 3.434736103612152647e-01 3.722077925142477928e-01 2.187899424871589393e-01 1.415882916554537206e-02 3.482157519196567574e-01 9.999602762704206116e-01 2.573546817703660672e+00
1.198187735104281693e+01 5.600925454406936410e+01 8.698635763038451785e+01 4.816498637781536019e+01 7.364622290169580765e+01 1.209697012585545224e+02 4.576585530373668007e+02 5.209364528614268011e+02 1.224826554303985793e+00 2.789282641346180203e+00 8.094675704158406093e-01 1.771535058981759336e+00 8.899659223364924099e-01 6.942018399560964115e-01 9.994541919928396467e+00 3.727557611127508830e-01 3.489156207549627409e-01 3.720567502909695734e-01 2.185804906220786270e-01 2.138618232450003459e-02 3.478734817498921328e-01 9.958281451366552961e-01 2.623534478553371407e+00
1.196661566635595975e+01 5.605675570287314002e+01 8.696429026571406951e+01 4.813244740801565769e+01 7.366440099391857643e+01 1.209796280843098799e+02 4.576807119937704442e+02 5.209320293268059459e+02 1.225134110712245539e+00 2.806091095869980734e+00 7.672056939988695090e-01 1.812163952108768017e+00 9.160647070454555063e-01 7.122636749115336396e-01 9.990276683957743487e+00 3.755948909258088886e-01 3.391797672719241707e-01 3.730051055045099928e-01 2.108566252155029408e-01 1.238727509519385248e-02 3.470196165519416898e-01 9.958531414011116967e-01 2.559887355997415792e+00
1.200023992685988006e+01 5.603245972560177535e+01 8.702046216388679056e+01 4.815354602669187045e+01 7.362986234551871689e+01 1.209811454271290927e+02 4.576282195033547850e+02 5.209040839356117658e+02 1.212602811795855606e+00 2.712857098774849263e+00 7.621043491623459287e-01 1.823655600727486004e+00 8.755279099750482574e-01 7.033618026266419410e-01 9.981316090304673594e+00 3.806881620889349671e-01 3.416990065106980112e-01 3.773555378613019373e-01 2.134152761569663437e-01 1.596856704044065725e-02 3.497714370949163709e-01 9.979947737891640136e-01 2.613460247682668935e+00
1.196595491712236559e+01 5.608866043847039151e+01 8.696812603704276512e+01 4.809159006583159623e+01 7.370780601812825239e+01 1.209924438970148657e+02 4.576915305597308361e+02 5.209590493095033708e+02 1.226701299970105907e+00 2.833900551959745773e+00 7.479489469502755838e-01 1.851098261530039091e+00 9.516274594405756959e-01 7.288532657756018329e-01 9.987981041703633878e+00 3.790321542485236561e-01 3.391379394614132958e-01 3.748535428075049913e-01 2.123690933564031103e-01 5.783063369619685298e-03 3.474664771800747842e-01 9.996585099563671806e-01 2.499258093909799694e+00
1.193015004971380222e+01 5.612126372467430713e+01 8.691086919096359509e+01 4.800918347100015637e+01 7.377430286237569135e+01 1.210205068277650327e+02 4.577688110622589761e+02 5.210188044927476767e+02 1.215557876994719289e+00 2.964183507142585938e+00 7.028490180931636910e-01 1.850173442379687616e+00 1.059307273978752795e+00 7.231715850841107240e-01 9.989385723187762522e+00 3.698857353502324474e-01 3.381111223503816543e-01 3.670214182562340777e-01 2.117164458340129729e-01 8.201747777194214051e-03 3.429595988398673190e-01 9.999906152933473180e-01 2.353166809303934848e+00
1.195440020570795525e+01 5.604084453277540234e+01 8.696142645873014487e+01 4.804903904047547059e+01 7.375496445925621458e+01 1.210162860164447807e+02 4.577341874939001514e+02 5.209988412992212261e+02 1.210289716987697606e+00 2.885234323138393453e+00 7.274055124398599581e-01 1.847773931947323423e+00 1.005103206658399362e+00 7.386073285259997512e-01 9.994982579266315170e+00 3.811467919977545304e-01 3.388072531567596357e-01 3.777289853241267426e-01 2.200791532741075140e-01 1.604324339992696871e-02 3.473420836572094772e-01 9.994622320363282242e-01 2.430908456321994038e+00
1.196401298230822441e+01 5.605294191532651382e+01 8.699436545846845092e+01 4.806779646691246199e+01 7.376115249503230586e+01 1.210295846131439959e+02 4.577297278122972557e+02 5.209700820966926358e+02 1.201653491794618667e+00 2.810748005575192110e+00 7.093486999550481231e-01 1.874479045039873171e+00 9.774816688563446876e-01 7.594302861369888191e-01 9.974435124257395202e+00 3.937774739247799083e-01 3.426891733678284480e-01 3.815886053688639645e-01 2.247093245665140182e-01 3.784075356988761407e-02 3.539555550651031224e-01 9.977175531930568830e-01 2.428629855838220220e+00
1.191975820530174346e+01 5.608046680498188863e+01 8.694426155341460571e+01 4.802697195841780342e+01 7.380105241670172234e+01 1.210111174259756552e+02 4.577868036900213724e+02 5.210526029038330762e+02 1.213137374105248245e+00 2.882115733920927791e+00 7.254350806764021664e-01 1.875677876238613262e+00 1.026080387914252823e+00 7.764624853851253006e-01 9.975063931671657613e+00 3.795461211241699662e-01 3.426075365984890819e-01 3.696069275026098166e-01 2.158576902855874335e-01 1.288320173182548080e-02 3.484236729717176129e-01 9.995055143112286933e-01 2.362159917379701657e+00
1.193938083018858620e+01 5.604811583563014921e+01 8.696247611548143652e+01 4.806908930881630937e+01 7.377087341458802427e+01 1.209967320312212138e+02 4.577313026449014615e+02 5.210160446993660344e+02 1.208533973139668483e+00 2.797397846407843502e+00 7.361515518339619701e-01 1.867561686145070121e+00 9.859235211399330900e-01 7.720488216194362208e-01 9.982858617724657435e+00 3.863289152619058253e-01 3.423461570624370953e-01 3.771755592455883765e-01 2.149281641401118992e-01 1.652311253921038073e-02 3.514373921470221318e-01 9.984683368455590236e-01 2.427904594494436186e+00
1.213131067880128988e+01 5.591816719571053085e+01 8.723724997991718055e+01 4.852374340257215124e+01 7.350634712932749437e+01 1.210015590263528651e+02 4.572706421852691960e+02 5.208350116930821514e+02 1.240056499955037195e+00 2.327082815262204285e+00 8.986090059103440941e-01 1.717262724328496803e+00 4.014182287961585160e-01 6.274444071215784513e-01 9.883407360189554680e+00 3.777436379732727612e-01 3.536880010459666490e-01 4.031768037621241696e-01 2.272543349390837297e-01 5.692736360794715955e-02 3.517286470554578104e-01 9.984646825471606979e-01 3.064441096516344221e+00
1.211600164650935696e+01 5.592966446090618149e+01 8.726968662102005680e+01 4.851503744910473870e+01 7.352051763092698877e+01 1.209956347384801916e+02 4.572864347465536525e+02 5.208215986163526168e+02 1.233563198696491003e+00 2.349799217046034450e+00 9.164119641409249617e-01 1.734323973109057837e+00 3.983276235028396228e-01 6.237246007694120520e-01 9.879480148187289146e+00 3.812309943877302265e-01 3.507563995729421902e-01 4.057639396179092972e-01 2.364723563103414139e-01 7.346094183747178818e-02 3.520070237835457583e-01 9.994419430574333907e-01 3.052378300494018148e+00
1.212168879300185687e+01 5.591762907995470755e+01 8.730663877314106003e+01 4.853263662598357087e+01 7.353838039737341603e+01 1.210029279999248928e+02 4.573101377418041693e+02 5.208105955090909447e+02 1.253313486370300378e+00 2.386593864390381903e+00 9.264049247303650647e-01 1.711424893875517439e+00 3.701139550638944953e-01 6.155622018963572417e-01 9.890596459393835360e+00 3.749216416573333266e-01 3.425911234826451435e-01 4.069434148052191724e-01 2.209127654556052867e-01 6.114558109573987182e-02 3.488965633090028162e-01 9.992083460630347691e-01 3.078852447751438959e+00
1.211867576871512320e+01 5.590975660209871023e+01 8.732603469453070488e+01 4.856187636968442689e+01 7.352806924060325855e+01 1.210070620237672046e+02 4.573000329389317358e+02 5.207916125966612526e+02 1.252857690549275871e+00 2.409154725304615940e+00 9.052293158368224235e-01 1.712548853138184279e+00 3.740470788349722353e-01 6.187593689843327027e-01 9.882016368592585920e+00 3.794061096342290496e-01 3.440503701057237018e-01 4.061289782930123660e-01 2.271817443778020029e-01 6.299034773735237569e-02 3.504652122295975891e-01 9.998432769027625344e-01 3.058769160253262065e+00
1.211063226627121203e+01 5.588569489370841836e+01 8.733556859678107287e+01 4.854852251433429444e+01 7.351991296264871778e+01 1.210241055787065960e+02 4.573281277373243370e+02 5.207898529217636678e+02 1.249368697064296763e+00 2.439485892991389626e+00 9.133727164862914805e-01 1.732571019482380681e+00 3.661744989827064312e-01 6.038903643293236367e-01 9.890412894783526809e+00 3.800884121132268034e-01 3.505880582492180153e-01 4.038345104728177648e-01 2.261888326706072705e-01 5.307429722684837980e-02 3.534009573640014001e-01 9.982171345515457039e-01 3.042674363249383340e+00
1.209049951056963579e+01 5.589328704755715904e+01 8.732056459824677574e+01 4.851676680563729605e+01 7.350235385697739332e+01 1.210614921903177503e+02 4.573450997258010489e+02 5.207812343653574771e+02 1.249172476904107709e+00 2.442224571611077089e+00 9.022940026546867331e-01 1.746924562596548158e+00 3.661756921044492796e-01 6.240755430992958042e-01 9.906918031565023597e+00 3.798708683935002051e-01 3.476497387712895182e-01 4.080210456119414686e-01 2.315252772625637778e-01 7.134876786993139819e-02 3.516836773895469781e-01 9.991313738956388857e-01 3.060369672590235179e+00
1.210097179986149385e+01 5.588716656336148958e+01 8.733461095744650038e+01 4.852576759508328763e+01 7.350454177095710406e+01 1.210736505965027590e+02 4.573544119475810703e+02 5.207861891339103977e+02 1.230172544251524558e+00 2.443227893186940669e+00 9.080535958402748964e-01 1.750956788897439553e+00 3.838745689804782257e-01 6.313683990746616903e-01 9.899781064231035543e+00 3.813341089624066038e-01 3.478791487403531391e-01 4.048963878466602107e-01 2.213242242463367704e-01 4.303842728674903140e-02 3.535520271331632491e-01 9.982613609627348783e-01 3.064028017421590810e+00
1.209944277947834834e+01 5.590767262738308574e+01 8.733626136299501752e+01 4.853091937213208951e+01 7.353091387984086680e+01 1.210731131062041470e+02 4.573361127655654741e+02 5.208003837519845547e+02 1.230940074940328532e+00 2.450686940423048465e+00 9.240777219504116013e-01 1.720951038050513304e+00 3.721721143279380084e-01 6.267718854311020715e-01 9.887763727244211154e+00 3.734594671163025126e-01 3.460927577802126454e-01 4.026339872275677134e-01 2.245188619516934048e-01 5.014708771777249413e-02 3.484218308403169706e-01 9.966946813542670869e-01 3.078001320846925459e+00
1.209587297680581841e+01 5.590651545900188069e+01 8.734552382169221119e+01 4.853021494598276320e+01 7.353863270172965372e+01 1.211029042876825486e+02 4.573637630809262191e+02 5.207882742604936084e+02 1.257349047826304078e+00 2.498365490862153315e+00 9.357073301972331780e-01 1.727419176124648903e+00 3.715039211708907052e-01 5.979408466359076302e-01 9.896586696877911038e+00 3.771668564201444696e-01 3.478813608749316000e-01 4.037014967352762773e-01 2.196805058149164103e-01 3.348763367381984296e-02 3.516742884244065670e-01 9.969158002761026038e-01 3.078778323123265270e+00
1.209493224286997659e+01 5.590284510075786528e+01 8.736076379910498702e+01 4.855768344924981506e+01 7.356423002531040822e+01 1.211148231882772563e+02 4.573896127224779207e+02 5.207852892273031102e+02 1.234225633919005194e+00 2.534455005030637142e+00 9.382693061106510690e-01 1.724386509990644356e+00 3.555906123917242923e-01 5.878731910396488569e-01 9.896639992696842469e+00 3.721778870801195627e-01 3.429846387746615655e-01 4.025719042406371573e-01 2.160177905922293640e-01 2.901004302589956993e-02 3.484027998155659334e-01 9.996898273960634906e-01 3.073891358507778282e+00
1.209092471888400055e+01 5.589824516260094356e+01 8.736065662838991841e+01 4.852982879899833790e+01 7.357440823805232810e+01 1.211182922016845254e+02 4.574056601472162811e+02 5.207679225845932933e+02 1.236787614348802133e+00 2.546748967163364075e+00 9.265572508159616305e-01 1.746636826709185852e+00 3.541523885391529292e-01 5.963794515990018530e-01 9.907108659372969584e+00 3.741885172284163397e-01 3.445616819911503370e-01 4.076938510852883835e-01 2.196750719392511764e-01 3.772625883907659849e-02 3.494877473323773631e-01 9.999112450429139543e-01 3.057624895622464756e+00
1.209034008621005540e+01 5.588871677361721169e+01 8.739124884501458723e+01 4.851264903953033780e+01 7.357533737741643165e+01 1.211388183897754516e+02 4.574467416552477061e+02 5.207585461362530168e+02 1.231834168773356941e+00 2.617982463882665201e+00 9.372048023736253564e-01 1.755878542397916409e+00 3.614942936347689262e-01 5.888699369262901939e-01 9.914649435282441914e+00 3.807080029637959218e-01 3.496626340737570282e-01 4.066209016177836921e-01 2.246883635681692082e-01 3.138950952136042999e-02 3.536107711589597802e-01 9.999912505361365778e-01 3.048471474589498964e+00
1.207654980540173284e+01 5.592226258662616090e+01 8.738869169657800740e+01 4.851280319418938802e+01 7.358930145659367383e+01 1.211406616815639978e+02 4.574410686634138301e+02 5.207671422762862221e+02 1.226031577743432299e+00 2.634604974604775940e+00 9.874247642607363318e-01 1.757543324685412633e+00 3.507160693705389520e-01 5.926622665395250289e-01 9.892250907655567360e+00 3.707246551904211374e-01 3.465919025544346721e-01 4.030355446664757313e-01 2.168994886364567221e-01 2.333223631439852383e-02 3.492594758656713538e-01 9.994416706208254508e-01 3.053061734679497263e+00
1.208088095774884785e+01 5.591666587174184855e+01 8.743850951050347931e+01 4.850809202713717383e+01 7.360166215732598971e+01 1.211528777464861975e+02 4.574494619085552927e+02 5.207824939478988426e+02 1.223496266632054574e+00 2.676147109566299864e+00 1.004751800252140947e+00 1.760777844254178603e+00 3.512401734571472534e-01 5.804913320063349591e-01 9.885659053825515130e+00 3.766935067556206329e-01 3.432677186019169047e-01 4.030051120952201638e-01 2.180155244789523106e-01 2.985243480607020425e-02 3.516114752765476803e-01 9.995551516022499472e-01 3.059683913134607192e+00
1.205073181353300527e+01 5.594622610046104683e+01 8.749567385475836545e+01 4.854192683292765054e+01 7.362208652395665354e+01 1.211662151800439631e+02 4.575082703155779313e+02 5.207925079805264659e+02 1.234023953722864331e+00 2.735451469770072919e+00 1.017233555056495709e+00 1.769166285156665186e+00 3.471771375533256876e-01 5.619115563388695778e-01 9.872819749394022182e+00 3.824079372018186485e-01 3.478307122370079552e-01 4.098584336975129028e-01 2.257741310619538200e-01 2.145160780712090237e-02 3.546259825479248229e-01 9.997770141600897942e-01 3.086945071753634195e+00
1.204037780955711945e+01 5.593598656603852248e+01 8.747769939388143712e+01 4.852857850125428740e+01 7.358929609158677465e+01 1.211510205655976051e+02 4.574846689978916174e+02 5.208113611315160369e+02 1.226332999772520971e+00 2.713352098058555928e+00 1.000270261604649269e+00 1.774079960822391167e+00 3.560670931312162057e-01 5.591949490270090584e-01 9.872631080812453774e+00 3.756257719184354915e-01 3.418935018189916963e-01 4.045128516582014999e-01 2.135116866423976967e-01 2.162855553868233555e-02 3.513907090776389741e-01 9.981465056944918146e-01 3.077003999865312700e+00
1.204196461676708196e+01 5.590729885721954417e+01 8.746153435316240632e+01 4.853131470892657973e+01 7.357197158952592986e+01 1.211699960345015370e+02 4.574871051707761467e+02 5.208131349322648020e+02 1.224030839839245655e+00 2.700086233088963450e+00 9.788222971099307390e-01 1.759160392846758736e+00 3.527087455138271932e-01 5.597408443369525921e-01 9.889849192908656050e+00 3.751568566762763512e-01 3.491540658851290946e-01 4.055746038968793266e-01 2.221788902561920021e-01 3.072042278866575146e-02 3.511582464913675095e-01 9.993106871164524341e-01 3.085739994827437549e+00
1.201013028338460664e+01 5.591080995132551124e+01 8.749117141150900068e+01 4.852177174182216390e+01 7.358477854934702123e+01 1.211927088006952289e+02 4.575182730145421033e+02 5.208009704207430559e+02 1.199301119027001317e+00 2.758361686457256212e+00 9.840160148369495596e-01 1.754762536448774002e+00 3.574442959115790019e-01 5.489129380234688549e-01 9.899623358817708052e+00 3.731410981641677393e-01 3.436858129594860811e-01 4.025461326474966128e-01 2.149471277256073121e-01 1.658614834123649587e-02 3.499570642724915137e-01 9.995195109576804349e-01 3.079304863260281966e+00
1.201349839194975289e+01 5.591230389802010592e+01 8.748637310033397796e+01 4.851860087899935792e+01 7.357442654187933329e+01 1.212051140689363820e+02 4.575072109652199970e+02 5.208066450683502353e+02 1.187681003535723701e+00 2.778523378656411857e+00 9.926050888661314131e-01 1.732985526416380484e+00 3.804882468703157938e-01 5.517633083515104397e-01 9.887100180919475179e+00 3.738309094207524219e-01 3.417039841381254162e-01 3.977171593722060861e-01 2.131995124309168654e-01 1.706988613658926707e-02 3.500265580684080446e-01 9.989283951118376192e-01 3.076832808998644975e+00
1.203382061523808488e+01 5.589636668376777351e+01 8.748322055138093845e+01 4.852105450531916375e+01 7.354210914552614042e+01 1.211694996048480704e+02 4.575039676453187667e+02 5.208024627101285660e+02 1.188785445736267432e+00 2.749464358925362450e+00 9.875507471314670660e-01 1.746762114333656246e+00 3.644773541484360724e-01 5.785806916123962251e-01 9.900312604230828484e+00 3.753164090667793218e-01 3.520995160591052775e-01 4.065475972980588937e-01 2.269548518945043725e-01 3.338343315961311841e-02 3.511686067762591623e-01 9.998025228692534183e-01 3.082648075528613862e+00
1.203455191261787149e+01 5.589485952269748736e+01 8.747904566147127525e+01 4.851364520400541380e+01 7.356740761111490201e+01 1.211846894056100155e+02 4.574996289079364260e+02 5.208267153359619215e+02 1.195186856888523552e+00 2.762697487105333138e+00 1.008204804364486229e+00 1.755248360862160739e+00 3.715192286047320214e-01 5.794291925699667223e-01 9.920165577864656470e+00 3.754457495960182856e-01 3.499871619004773504e-01 4.064050959802563701e-01 2.292410946213113976e-01 3.606537895613459027e-02 3.508463612547101373e-01 9.981239172615805622e-01 3.072309523471394854e+00
1.202524018729299371e+01 5.591131191136768308e+01 8.747725211561585468e+01 4.852966948971840111e+01 7.353478064347096677e+01 1.211738171070623480e+02 4.574835090644810407e+02 5.208445975308122797e+02 1.188791830732518484e+00 2.753667180308559281e+00 9.990175958650406862e-01 1.724227983161757960e+00 3.652617837354188990e-01 5.844885720026838927e-01 9.916196701246889234e+00 3.764233434944896373e-01 3.464804460535476083e-01 4.036343646333043766e-01 2.198813577511127271e-01 2.323220377249275714e-02 3.513756184200079180e-01 9.981101077557914536e-01 3.078755357699281880e+00
1.204577387518067688e+01 5.590587248905904261e+01 8.746131659422312055e+01 4.855275912720262710e+01 7.356942933808356599e+01 1.211770756907167765e+02 4.574967065392987706e+02 5.208239961131287146e+02 1.211625296179769107e+00 2.759668535615550145e+00 9.958175196214761327e-01 1.728569163981216628e+00 3.424140164233747674e-01 5.836142718046077871e-01 9.912090067204095689e+00 3.702916176782271029e-01 3.469863533687002066e-01 4.028564208405286950e-01 2.159340402194078190e-01 1.638027610252897059e-02 3.495591523761530373e-01 9.996412802804398590e-01 3.072925349157213937e+00
1.205433328563862716e+01 5.588735564158456270e+01 8.746397541291841549e+01 4.855018307876404293e+01 7.358125541855342533e+01 1.211635323111615179e+02 4.574781030770332109e+02 5.208174807611434289e+02 1.206745223780147702e+00 2.764687034031443780e+00 9.944489289844801183e-01 1.729106888664577735e+00 3.246383763765302022e-01 5.826331048175368288e-01 9.928932707975709704e+00 3.772158210020872260e-01 3.506883709810063587e-01 4.089141819064280314e-01 2.220141309628397841e-01 1.202716330652720510e-02 3.525272120735816195e-01 9.992287455916577521e-01 3.067586555398140735e+00
1.208640216993430805e+01 5.590319746339061879e+01 8.738453374837114040e+01 4.856483675356471963e+01 7.357480114144878769e+01 1.211474850640316561e+02 4.574349888570683902e+02 5.208134033296746566e+02 1.222992168689975179e+00 2.711804618602580152e+00 9.676422250262547431e-01 1.706963643131052422e+00 3.342972876990188413e-01 5.892407993627377660e-01 9.917772317575332508e+00 3.691255155885042605e-01 3.486216706328498782e-01 4.004897879614627842e-01 2.162011618767644139e-01 1.873936832226826693e-02 3.495614679298361671e-01 9.998261409531226107e-01 3.079611962365910394e+00
1.209014497668298560e+01 5.590440946231678510e+01 8.735592486283836422e+01 4.855640423356084767e+01 7.356501324760378679e+01 1.211502058837438796e+02 4.574129173787646323e+02 5.208036468956921681e+02 1.222749785756660934e+00 2.692919151493767149e+00 9.487251663498831311e-01 1.699079894741404084e+00 3.266547052131896778e-01 5.968379779281790531e-01 9.924645340082541622e+00 3.870833354029999951e-01 3.454089376457172844e-01 4.180603989397951303e-01 2.230328504510671050e-01 3.069103678968392729e-02 3.555172665393167564e-01 9.996012810394961923e-01 3.070062998590326497e+00
1.206628680899409289e+01 5.589867317616728570e+01 8.741269611071928125e+01 4.859737057799029714e+01 7.359334787384723597e+01 1.211836769569049608e+02 4.574635556390311422e+02 5.208105356589494477e+02 1.210372284760960815e+00 2.769271844064198351e+00 9.642379405003428383e-01 1.692619764995140219e+00 3.061301472288634473e-01 5.684168304030539076e-01 9.960747238423044436e+00 3.741849156209692273e-01 3.448842930386716299e-01 4.057542689949701353e-01 2.154713298518980136e-01 1.267053047027583666e-02 3.504727220723485304e-01 9.999057873712278166e-01 3.067479972780372321e+00
1.206420640892468654e+01 5.590281618307720635e+01 8.739014194134860247e+01 4.860400263479549920e+01 7.359823320669823943e+01 1.211646339115503821e+02 4.574204434017672725e+02 5.208224141279330297e+02 1.197946951488689127e+00 2.749302072667747066e+00 9.610101600043912118e-01 1.672046629242858629e+00 3.056934772476574413e-01 5.494371821374630649e-01 9.969563069526266474e+00 3.765909727568691467e-01 3.484901500472883384e-01 4.111389409601619582e-01 2.189194453523043704e-01 1.612243040798169713e-02 3.521417332461961314e-01 9.997759779042875161e-01 3.066144551891645698e+00
1.205626728983768992e+01 5.588003693328608534e+01 8.738381236575696676e+01 4.859382668191074828e+01 7.356998418838570331e+01 1.211731819981069549e+02 4.574200829825885535e+02 5.208115844240128354e+02 1.203315024173820413e+00 2.769171756298591802e+00 9.537227473465106353e-01 1.671536932363524075e+00 3.070533465126503159e-01 5.526776378126599942e-01 9.962310479136808894e+00 3.793947235956070529e-01 3.473645349794227122e-01 4.120268571487848974e-01 2.236699857233976352e-01 3.314397288686027343e-02 3.525770905846541958e-01 9.991240591904241297e-01 3.061705341884930931e+00
1.206414833189057134e+01 5.587597932483915741e+01 8.740076089878598964e+01 4.862169903465738230e+01 7.358356985160749275e+01 1.211784739913174462e+02 4.574369968275422593e+02 5.208166678339877080e+02 1.213574401794821789e+00 2.810864846768326597e+00 9.861898571505031130e-01 1.653259543564352452e+00 3.081447380957204607e-01 5.254841764536258841e-01 9.966188749078803255e+00 3.762554981318079195e-01 3.497693382083814639e-01 4.112460480368684834e-01 2.229393365911566671e-01 1.571642385484052495e-02 3.524773546652303913e-01 9.997813382201564680e-01 3.049220838158820612e+00
1.207388418739559555e+01 5.590361022981168304e+01 8.739811768908334955e+01 4.862156818965029714e+01 7.360096492927806366e+01 1.211632559918853076e+02 4.574137693280599137e+02 5.208106239191091618e+02 1.214458038934334461e+00 2.787565747329166843e+00 9.933377649052728131e-01 1.668653804249908834e+00 2.947349542423254309e-01 5.434604355189945890e-01 9.975774939950468934e+00 3.781504120081681242e-01 3.494609784166966548e-01 4.132779379149198462e-01 2.200473321518109648e-01 1.030680603615815628e-02 3.533225128999393783e-01 9.971986785893985905e-01 3.041283412287814958e+00
1.207823527579562572e+01 5.589481214491370054e+01 8.737417808337529834e+01 4.861830041143331016e+01 7.356852941049902483e+01 1.211183637834106293e+02 4.573604050972941764e+02 5.208419194701569950e+02 1.206974018696161277e+00 2.704710142020038788e+00 1.008992967634656512e+00 1.644700565894871680e+00 3.142655172605701708e-01 5.436315094005256254e-01 9.982726616406399245e+00 3.840036066027103234e-01 3.443569940835801702e-01 4.172390074071145039e-01 2.226509858132373898e-01 2.898213357273414850e-02 3.543733391155217682e-01 9.988084879565898300e-01 3.028374660230559012e+00
1.206623078413026029e+01 5.587320063331735298e+01 8.743188115843979347e+01 4.860875326130443597e+01 7.359709283027233084e+01 1.211540425610529894e+02 4.573820254251459687e+02 5.208415993742971750e+02 1.215369741057398922e+00 2.770172376801292469e+00 1.031121845876601384e+00 1.647712459436287302e+00 3.015626201897338987e-01 5.386442585436200803e-01 9.964421593820739886e+00 3.742024855950742968e-01 3.493821386804561446e-01 4.135655553506097926e-01 2.261293943099030868e-01 2.332050003735290991e-02 3.508477332423199369e-01 9.987613410014700710e-01 3.013837756798682488e+00
1.205612139590756016e+01 5.585030532632998046e+01 8.745790840588148285e+01 4.859954228014284894e+01 7.357924333283379781e+01 1.211486106873613977e+02 4.574004770496742367e+02 5.208530925270472380e+02 1.204842783153619923e+00 2.806954739918539499e+00 1.045578832020297222e+00 1.646978162477851226e+00 3.218636779892308231e-01 5.456166271547526758e-01 9.949966632891838358e+00 3.699050688619788807e-01 3.442971192813036874e-01 4.058715781554367297e-01 2.149924402276995883e-01 1.286707573556064924e-02 3.489478279872643141e-01 9.951013179771626138e-01 3.003785386081167186e+00
1.205494866085974870e+01 5.585247032057070271e+01 8.742931484685053078e+01 4.860733274259380465e+01 7.356653608331278349e+01 1.211338559049220862e+02 4.573928989985527664e+02 5.208240503815472948e+02 1.206892211544410509e+00 2.745294711817510613e+00 1.028271374985108899e+00 1.642956673736063467e+00 3.237859874297253637e-01 5.508194034628713931e-01 9.943764592203695685e+00 3.733728777963613576e-01 3.518534461026532334e-01 4.098936225749839068e-01 2.276317049539940685e-01 1.933034783404782159e-02 3.504501721764635702e-01 9.999986665869878832e-01 2.970873821232280942e+00
1.205640844734607953e+01 5.585237634755711866e+01 8.742220551447022103e+01 4.858895250450878933e+01 7.354865616109343307e+01 1.211375923955694844e+02 4.573761113494940673e+02 5.208445208540273370e+02 1.192422698827630967e+00 2.769947503694544899e+00 1.022789512205427798e+00 1.667167998612931967e+00 3.341787758285014176e-01 5.473537636524156147e-01 9.937716299525879649e+00 3.760559571837954751e-01 3.515734671826801772e-01 4.096291334685362440e-01 2.335599237093593517e-01 4.164821068665284370e-02 3.516630493789432710e-01 9.985747551369151820e-01 2.954603372737931721e+00
1.205696285671290724e+01 5.584766173851803472e+01 8.743990921849160713e+01 4.859685517831712787e+01 7.356209792010933768e+01 1.211596037362994736e+02 4.574330253335286329e+02 5.208233285335695655e+02 1.183056924364219942e+00 2.834847518598188731e+00 1.010366194095462244e+00 1.680573613041510095e+00 3.071282505556887643e-01 5.138936269794929235e-01 9.939238147908689314e+00 3.726378456316944421e-01 3.467516908862274261e-01 4.070735335545869193e-01 2.208455340585912252e-01 1.446435172259378198e-02 3.504105920173500865e-01 9.980150840824414393e-01 2.958120089557555676e+00
1.209344418601070181e+01 5.584725619616251890e+01 8.738988271891778936e+01 4.858496122471404988e+01 7.355447720912242460e+01 1.211169466365264782e+02 4.573834269132305508e+02 5.208209883282953570e+02 1.199980810888506166e+00 2.749183344054662470e+00 1.001400357713101652e+00 1.678805405513084104e+00 3.393632242686474010e-01 5.320948760888130069e-01 9.916256434395686270e+00 3.753053316447840237e-01 3.450180225855702387e-01 4.060223899472271691e-01 2.204654757668620402e-01 1.825006402319690954e-02 3.507744196627429201e-01 9.999752285478447078e-01 2.994080659642828213e+00
1.209651957511986353e+01 5.584717029224686513e+01 8.738743574881755194e+01 4.861999468273783265e+01 7.354334393381351731e+01 1.211232016924864467e+02 4.573704960896955072e+02 5.208215543860468415e+02 1.189673145840289825e+00 2.774251020211203844e+00 1.007036091387619070e+00 1.627688320184043747e+00 3.297138166070329723e-01 5.246263491908269572e-01 9.932724547063603637e+00 3.772761399954604467e-01 3.435080156199969426e-01 4.054843005081797958e-01 2.189698958755540159e-01 2.197613596831763175e-02 3.517568360652781889e-01 9.993505807972007382e-01 2.976535164379109588e+00
1.209488466084588865e+01 5.585601670281105413e+01 8.738113561948634356e+01 4.863281335430863805e+01 7.354940544411016390e+01 1.211049308971261382e+02 4.573717354352046982e+02 5.208108851706199403e+02 1.180311023584873276e+00 2.775246921071885531e+00 1.025942962258284075e+00 1.631257596650421471e+00 3.416164277426299578e-01 5.229182604414651658e-01 9.939027330556520212e+00 3.800900244840289544e-01 3.519699468497596850e-01 4.070638581750748997e-01 2.249318824990259591e-01 3.430418222729249289e-02 3.554053979747859304e-01 9.992790209817319358e-01 2.978723384047879286e+00
1.210922183538967012e+01 5.586910812579330354e+01 8.733229560777724032e+01 4.861432422206129900e+01 7.355862914814805720e+01 1.211071666994787961e+02 4.573734229106314615e+02 5.208169201605589933e+02 1.196830607326470730e+00 2.765472351939420648e+00 1.030538213720022522e+00 1.603346232320339348e+00 3.274129174625671213e-01 5.227426406463167030e-01 9.931573112576899121e+00 3.790339591740671255e-01 3.468863765274599054e-01 4.127846420006235917e-01 2.265363663066833899e-01 2.070981068289444102e-02 3.521820562230496554e-01 9.997454876806018964e-01 2.988702790029619916e+00
1.210835592079926926e+01 5.587896288803723621e+01 8.734672266823024245e+01 4.862657582822905766e+01 7.355621255526163793e+01 1.210849239579589067e+02 4.573863241276960707e+02 5.208107574944688167e+02 1.203600604652733663e+00 2.793019425125133903e+00 1.036460342269351687e+00 1.597775358403406454e+00 3.106135103776352935e-01 5.145216684158868681e-01 9.929745487743202759e+00 3.755821730978716189e-01 3.460617503499469061e-01 4.136313416684618827e-01 2.241898797868634718e-01 2.476543233263681087e-02 3.510592119854135662e-01 9.971810251972968997e-01 2.982040383490006885e+00
1.212868720453961835e+01 5.590241117384355363e+01 8.733550104644410794e+01 4.858183590147269371e+01 7.352999643478823089e+01 1.210478542852052897e+02 4.573684360336305872e+02 5.208052873868468851e+02 1.201128395981694963e+00 2.704184585499868732e+00 1.033690004282152630e+00 1.622294324760953588e+00 3.157461515192230839e-01 5.433719205923198681e-01 9.910210673425371652e+00 3.793306387814782132e-01 3.474233000497166102e-01 4.135491972454289900e-01 2.259644207521145920e-01 2.748448338875217681e-02 3.529248465309496874e-01 9.983485876459871067e-01 3.007209503480254842e+00
1.213935432285392224e+01 5.588516059907482258e+01 8.734025184541424380e+01 4.858890799165867946e+01 7.357330886291124727e+01 1.210816281174661810e+02 4.573889495117231263e+02 5.208200576114348905e+02 1.200184919512941484e+00 2.760914865576496791e+00 1.050036321000099138e+00 1.602507121479887608e+00 2.706333467885982946e-01 5.392974269640369300e-01 9.902645375450648046e+00 3.694441691601050848e-01 3.449036697615123770e-01 4.174612025553098293e-01 2.238059216682604380e-01 1.693513985816422901e-02 3.475833120783006769e-01 9.988725619337157635e-01 3.003390069894835257e+00
1.213978737988614931e+01 5.585037688913384102e+01 8.732375932238224436e+01 4.859039956662591209e+01 7.357315384743182562e+01 1.211016022522038611e+02 4.573904111278315554e+02 5.208315258576315046e+02 1.183818716032106311e+00 2.840882045203381168e+00 1.066172694610410865e+00 1.567294486462331049e+00 2.447473129880967657e-01 5.325840709442127840e-01 9.895834248505726904e+00 3.696905852383256530e-01 3.484638751772221599e-01 4.169858337368230750e-01 2.149212649326566471e-01 2.316617791343783019e-03 3.501067256304263298e-01 9.994046929009586799e-01 2.982388409284586039e+00
1.216002799125064193e+01 5.584801323693878317e+01 8.731263954212337808e+01 4.858856755952185580e+01 7.356922915831013654e+01 1.210907179442344415e+02 4.574033142775438705e+02 5.208173050011286023e+02 1.184530320794626723e+00 2.817847568641766554e+00 1.049103763618757235e+00 1.559502728553417317e+00 2.543500493335430490e-01 5.156988491465053226e-01 9.879144582060389368e+00 3.754351139244858637e-01 3.476839178857274448e-01 4.169180066120428685e-01 2.193231658509101900e-01 9.287353977298143382e-03 3.523011882470459821e-01 9.993482985990190803e-01 2.966264969524638140e+00
1.212702841032253076e+01 5.586683194598059288e+01 8.739297424771145018e+01 4.860432860720114689e+01 7.360300530319022982e+01 1.211405138837062196e+02 4.574331305349047057e+02 5.208232840186228714e+02 1.183019049043253501e+00 2.936190358124306510e+00 1.074241034060229305e+00 1.509686794737962634e+00 2.218393371514196799e-01 4.930883866574185537e-01 9.891851340208521748e+00 3.774123548459955013e-01 3.504741826437340335e-01 4.290783414867550549e-01 2.262435016223885431e-01 1.641002548053556095e-02 3.537313450087645195e-01 9.973075267158292290e-01 2.980474342669729992e+00
1.213594638794327984e+01 5.589533434776100762e+01 8.735320347758572268e+01 4.857742336131078531e+01 7.359150769139304771e+01 1.210958585049028500e+02 4.573890021335853930e+02 5.208452268161776146e+02 1.186737022904523764e+00 2.779415119152301550e+00 1.032930785829283105e+00 1.536051475121725129e+00 2.643591111454590137e-01 5.378646496136484378e-01 9.895160151608351384e+00 3.729952197800575631e-01 3.499139765924620393e-01 4.167015276384107292e-01 2.260303971127342881e-01 2.505155832423370740e-02 3.504340154398920548e-01 9.984265701422171402e-01 2.989372066848408949e+00
1.215955540197799678e+01 5.588148117879054411e+01 8.735703553583820735e+01 4.857532857368499890e+01 7.358073904525474518e+01 1.211073245090081656e+02 4.573882494878685065e+02 5.208610496858497072e+02 1.189492604542402798e+00 2.722105731490227498e+00 1.008122251750680709e+00 1.564633850204297794e+00 2.722409469087211376e-01 5.716725908757619434e-01 9.892310400282045890e+00 3.769971050413160052e-01 3.491454372705658504e-01 4.182174955425611573e-01 2.276494969562312953e-01 3.511103441583190987e-02 3.521114330150469929e-01 9.987424427291917706e-01 2.985631051704168204e+00
1.215275918185682968e+01 5.583885217468923656e+01 8.736407381101473391e+01 4.859788988419742140e+01 7.359549776327371262e+01 1.211185002034330154e+02 4.573765860907614069e+02 5.208591033573353570e+02 1.178023206120581534e+00 2.806796366050328562e+00 1.030565528474712389e+00 1.552239442710768857e+00 2.654951254469183897e-01 5.497007017662396411e-01 9.900505741601310916e+00 3.710405931485505349e-01 3.508332057556014516e-01 4.169820000879634336e-01 2.270109489332126917e-01 3.071817647324529693e-02 3.499637655395810287e-01 9.999659708073670439e-01 2.934431429355746079e+00
