1.206317537525206873e+01
5.588215798195311379e+01
8.721551400988549574e+01
4.858015710274909793e+01
7.337372014468941472e+01
1.209588395062295660e+02
9.259253459936551689e-01
1.743693312983379151e+00
4.294066307619551770e-01
5.849722701763721000e-01
9.948275385085612044e+00
3.077524940086893146e-01
2.939145190858855616e-01
3.416709551184456406e-01
1.936017899771830530e-01
1.057751222438442495e-01
4.572305390300548993e+02
6.359260975122231230e+01
1.128137598507521711e+00
2.135048050480982340e+00
2.939778278072954776e-01
3.136660168613545907e-01
3.208863290954898861e+00
