1.427046007541344030e+00
6.791352285489448093e+01
6.745932379592898087e+01
4.322797607525147612e+01
8.657335547771360496e+01
1.236256821737131020e+02
7.085985921363573858e+00
1.697783811292680189e+00
2.431510835703608819e+00
1.868059268832103381e+00
4.063242378872120725e-02
2.870137888252290992e-01
2.776575756875481193e-01
3.203334286596712932e-01
1.386236968208692799e-01
3.802638249117511887e-03
4.597033989196414154e+02
5.302183269574356217e+01
1.335720364607277499e+00
2.171670095899441044e+00
2.801135621224822847e-01
3.626541061385259446e-01
6.122105945108150316e+00
