8.897939059812815188e+00
5.865185792999310621e+01
7.951109770670539945e+01
6.195462352478460843e+01
7.441465005242358188e+01
1.069617664847855423e+02
4.866786196507218847e+02
5.237416568553953766e+02
1.926223419160770112e+00
2.653569179466427119e+00
2.744178629116216239e+00
2.027776188460065576e+00
2.480079876627956370e-01
2.766346719839140267e+00
6.472887822613161646e+00
4.854162672110035048e-01
4.221094219329935560e-01
4.376158519106904676e-01
3.070518490284500079e-01
1.044265166285173047e-01
4.230550613578690777e-01
9.999828714494471971e-01
1.468002534029347750e+01
