ts0__FREE	ts1__FREE	ts2__FREE	ts3__FREE	ts4__FREE	ts5__FREE	theta0__FREE	theta1__FREE	y0__FREE	y1__FREE	lambda0__FREE	lambda1__FREE	lambda2__FREE	lambda3__FREE	lambda4__FREE	p0__FREE	p1__FREE	p2__FREE	p3__FREE	p4__FREE	beta__FREE	fD__FREE	r__FREE
1.055196599677100977e+01 6.635852666265975586e+01 8.530484565793969409e+01 4.770151075761635440e+01 6.160248014519650184e+01 1.237317661292932485e+02 4.741483204669987117e+02 5.204591834221927229e+02 1.227108415821791310e+00 2.128960364357295187e+00 7.763689164800929632e+00 9.135195135421906087e+00 3.252377764909291979e+00 6.642398309266924983e+00 3.703868768439025239e+00 3.845582684193797895e-01 3.370564296544821259e-01 3.388197208546548378e-01 2.127314040519698024e-01 3.823914089859015847e-02 3.429604767715120905e-01 9.998082310189945199e-01 1.063649081454503964e+01
1.056091870743237315e+01 6.635541637435268569e+01 8.530153057958540330e+01 4.770010822972979270e+01 6.160961483063375965e+01 1.237213321535422210e+02 4.741431437451138891e+02 5.204562940591789584e+02 1.221399950390732903e+00 2.144575904745363193e+00 7.750292043864271285e+00 9.147493479040814890e+00 3.247761043315204876e+00 6.645939534935517479e+00 3.696024040274899392e+00 3.822723730590166791e-01 3.384125887950888978e-01 3.406266387918713834e-01 2.144415392814106869e-01 4.560451909305172913e-02 3.413173131479202427e-01 9.999997480860673971e-01 1.064838779761538490e+01
1.056131697706677386e+01 6.632879220329382974e+01 8.529571095077305642e+01 4.771312367830037005e+01 6.161123613298202173e+01 1.237118638569650670e+02 4.741442068769915181e+02 5.204562967329077310e+02 1.210958334365246802e+00 2.185353011360651632e+00 7.748880674924855327e+00 9.126176837219253102e+00 3.243457693655600771e+00 6.634786512879164988e+00 3.699295963883653560e+00 3.824527462748096851e-01 3.362687068443026006e-01 3.404560942573964244e-01 2.139759602992050425e-01 4.176635679267833717e-02 3.411804068680865387e-01 9.995610685755301761e-01 1.065214604011850774e+01
1.056279176340925652e+01 6.633140301049870402e+01 8.530154301481310597e+01 4.771040819181439474e+01 6.162875667250469292e+01 1.237156480909516603e+02 4.741531307078324744e+02 5.204506251564951071e+02 1.208289473035979666e+00 2.205894054021928952e+00 7.740562114353643608e+00 9.134682021581513212e+00 3.242987757441446295e+00 6.625079945452040597e+00 3.690911640156269158e+00 3.879982755642414904e-01 3.328423012762268818e-01 3.424919854206223135e-01 2.130459091672429750e-01 3.673325020642596861e-02 3.437772419643534971e-01 9.997827753237242820e-01 1.064259823598602672e+01
1.057828274483478737e+01 6.631854137030958896e+01 8.529776781239820593e+01 4.771240468662741563e+01 6.164871255127818728e+01 1.236962724081679568e+02 4.741421822404929003e+02 5.204352667550492697e+02 1.211084426616616971e+00 2.257441161897424831e+00 7.724769517978957722e+00 9.127992206220875815e+00 3.243084380544539957e+00 6.623608819601555453e+00 3.707765609952772490e+00 3.861351916510358806e-01 3.357536711009612151e-01 3.424706295038015824e-01 2.122920223658550654e-01 2.520340294375678081e-02 3.429214127049844407e-01 9.999613749514657535e-01 1.065239821213013904e+01
1.058272767328277375e+01 6.630123893609054164e+01 8.529116013867393065e+01 4.771505438241039343e+01 6.164804391375871262e+01 1.236897195340767297e+02 4.741387093113320930e+02 5.204277362086020275e+02 1.210672894457533344e+00 2.290446900563750887e+00 7.702355581314357380e+00 9.118038872209476509e+00 3.252093683318642903e+00 6.627301082657669262e+00 3.732075304010201044e+00 3.854560111470443640e-01 3.336430443034890669e-01 3.422106120109437155e-01 2.085939763775236377e-01 1.986768697518945942e-02 3.433604036280564209e-01 9.985098219789260154e-01 1.065960773396144567e+01
1.059176866997605693e+01 6.628729465978791779e+01 8.528441592378830194e+01 4.770599970179007698e+01 6.165091550997721725e+01 1.236736205617781792e+02 4.741406796809031334e+02 5.204115318874646618e+02 1.204878920099740069e+00 2.339674081830329655e+00 7.684215848093708168e+00 9.123077012604820624e+00 3.249125235017880531e+00 6.629876826048440641e+00 3.745407761851021089e+00 3.826480752416939746e-01 3.371584685105511459e-01 3.378912180996043180e-01 2.086220929265467650e-01 1.565679162014103898e-02 3.428072221627875837e-01 9.993625591837747013e-01 1.066833293421651163e+01
1.058594335720253454e+01 6.627772503791958059e+01 8.529679370559287577e+01 4.771669244455123504e+01 6.165192815642797086e+01 1.236606087832341814e+02 4.741393659193413441e+02 5.203992600518107565e+02 1.204272186710974024e+00 2.383417663062711966e+00 7.666727737722819569e+00 9.122052274295564089e+00 3.254904992661162844e+00 6.627808842025637581e+00 3.754249970202389264e+00 3.847823776176836907e-01 3.324660132849178162e-01 3.404484667123889308e-01 2.049300744687008180e-01 4.638926567254086399e-03 3.438883281935602998e-01 9.997996073393502492e-01 1.067037975763604152e+01
1.057493064517634984e+01 6.628757603850306168e+01 8.528474985444564993e+01 4.770975138458211262e+01 6.165112977207823519e+01 1.236613648364799474e+02 4.741410564516228874e+02 5.204081789482017939e+02 1.195465012034828467e+00 2.375238455448424268e+00 7.667077434279489623e+00 9.113828901786597214e+00 3.251135731423850483e+00 6.623705521013210529e+00 3.759546612193470416e+00 3.834249600368426214e-01 3.342148730431843684e-01 3.422818440428765929e-01 2.084770074841194865e-01 1.927008513049642199e-02 3.424772146562857777e-01 9.998535735137671354e-01 1.067092493944353748e+01
1.058814091788651801e+01 6.628110410519722961e+01 8.526959806629275818e+01 4.769839977251351115e+01 6.165135552735289082e+01 1.236412058023703366e+02 4.741357468268116122e+02 5.204058811461686673e+02 1.191249530924166633e+00 2.453870390721353711e+00 7.636227645015415177e+00 9.092382253709571316e+00 3.245042754613473246e+00 6.623654263502042561e+00 3.774921315265867605e+00 3.798874652977221045e-01 3.390814630090098203e-01 3.370787223867705018e-01 2.058929132531362449e-01 2.247918461861259098e-03 3.417947386941136978e-01 9.988891969635997903e-01 1.068587801902624790e+01
1.059201041316799063e+01 6.625381467779665456e+01 8.525162344324689911e+01 4.771799890104154684e+01 6.166093521716667425e+01 1.236221103880180863e+02 4.741409641374042963e+02 5.203787145688727378e+02 1.185147688533541688e+00 2.538443054592349313e+00 7.604672566490238594e+00 9.095379985460407823e+00 3.246418679117426542e+00 6.619468126486971471e+00 3.797301406183535732e+00 3.843669006020723478e-01 3.296963253689242923e-01 3.436819640625031758e-01 2.031784137826682379e-01 5.413998309807026765e-04 3.432119371862263901e-01 9.983602270785433275e-01 1.069362240204126557e+01
1.059092585748086357e+01 6.624466520179845475e+01 8.524797145136227527e+01 4.771943168098328414e+01 6.167803217597877108e+01 1.236150784379964165e+02 4.741226742691823119e+02 5.203783075605398381e+02 1.189371405071835586e+00 2.561855085058596604e+00 7.591060060106401330e+00 9.116276139926574373e+00 3.236361684812995687e+00 6.618368358455636091e+00 3.800238649816754855e+00 3.871240267480224317e-01 3.323258286672854389e-01 3.436175412372156068e-01 2.080761387518711980e-01 5.023829511947142286e-03 3.440710586610282729e-01 9.994527620605877516e-01 1.070342695597122784e+01
1.059531606968317341e+01 6.622922321358208819e+01 8.524200375479492209e+01 4.772538963964350955e+01 6.167406392501550982e+01 1.236110985361688250e+02 4.741226508855597785e+02 5.203784556279820208e+02 1.192418131229859624e+00 2.596896508230515543e+00 7.578299892251125769e+00 9.102946502350093283e+00 3.231497443320817453e+00 6.624954585602160329e+00 3.795498897774934211e+00 3.843271688949043141e-01 3.361574935914127815e-01 3.408026010261790972e-01 2.078084582316082618e-01 2.317843305116850934e-04 3.434582365260276382e-01 9.991757644888832335e-01 1.070126521847670276e+01
1.058464986633230964e+01 6.625081941342722303e+01 8.525448648161699339e+01 4.772730398896468529e+01 6.166633800063358706e+01 1.236132346814572287e+02 4.741138927481884480e+02 5.203859393444267880e+02 1.199035104918354522e+00 2.521516585121010845e+00 7.595953474187960630e+00 9.092374281984955786e+00 3.231250062999917461e+00 6.629100699467260327e+00 3.795293510436073436e+00 3.846257028031153102e-01 3.346049751176626841e-01 3.430213596607687432e-01 2.073531093249635082e-01 2.438838210285427827e-05 3.430883662967748049e-01 9.999235377062803964e-01 1.070343949430845321e+01
1.058865456148173578e+01 6.624598710918444056e+01 8.526529817649188203e+01 4.772655353897922481e+01 6.166619079178028073e+01 1.236123789497755041e+02 4.741072021535765089e+02 5.203846293217442280e+02 1.193382599348812523e+00 2.536936966120634906e+00 7.583689141788652499e+00 9.102194271087586941e+00 3.249615365133562417e+00 6.630108301267980231e+00 3.803647143639831807e+00 3.851165511732004831e-01 3.330686868878780516e-01 3.444521368807824668e-01 2.059111004728912397e-01 4.131861232784083370e-03 3.436447529686766922e-01 9.993853477140078878e-01 1.070252553413277141e+01
1.059169173133805764e+01 6.623221232931923907e+01 8.525623930669473793e+01 4.771072575444239305e+01 6.166535259938057578e+01 1.236301298856649566e+02 4.740964345191497955e+02 5.203847730248201060e+02 1.198950520128387875e+00 2.539006980305817063e+00 7.584511436475541046e+00 9.118922855735535293e+00 3.245896400731958398e+00 6.637142431996507774e+00 3.817589989131102257e+00 3.879579084743571271e-01 3.322902306737862133e-01 3.440349477162909508e-01 2.091353649439232076e-01 3.958227132738557918e-03 3.445351973031109960e-01 9.986474736828130361e-01 1.068833508469284510e+01
1.058910547796536328e+01 6.622489291116116306e+01 8.524258768780478590e+01 4.771635474751885653e+01 6.166640686496961621e+01 1.236326796323396451e+02 4.740960100498646170e+02 5.203803057966111965e+02 1.215478330787502337e+00 2.543163968893736637e+00 7.580038224493533150e+00 9.110577214202008278e+00 3.241553229862689900e+00 6.648132379365095268e+00 3.818157958170049326e+00 3.846130353505100019e-01 3.368449540436277978e-01 3.378774975926425173e-01 2.071467500658507321e-01 3.446934836292938134e-04 3.446656593882351793e-01 9.997285953477434983e-01 1.068906898525865046e+01
1.057842197185753008e+01 6.620764489919633888e+01 8.524767213149824840e+01 4.770207109413583879e+01 6.165477702974395413e+01 1.236267687383708989e+02 4.741011175806410733e+02 5.203817059625826005e+02 1.208522603756866820e+00 2.553141268672241004e+00 7.565830468102618056e+00 9.107708024749664233e+00 3.254512263083355617e+00 6.628992787930991781e+00 3.806640963187743587e+00 3.869072624921363057e-01 3.306030363242218884e-01 3.450070979768286583e-01 2.084936327208455065e-01 1.706339961123896692e-03 3.436602028209022608e-01 9.989233356313101941e-01 1.068128460034410487e+01
1.056297720012029195e+01 6.622926602940388818e+01 8.524300411382557741e+01 4.770181891111074179e+01 6.165154554925270247e+01 1.236569556579691209e+02 4.741033509514452930e+02 5.203887835059864528e+02 1.213334627487285822e+00 2.463083223418817358e+00 7.607499205596540470e+00 9.110480161719685555e+00 3.241887477999453537e+00 6.643381708557406284e+00 3.793530175752343414e+00 3.856782938290990725e-01 3.303106917415196131e-01 3.439811526277153364e-01 2.054741227592874198e-01 5.484854193103552190e-03 3.440124180523662645e-01 9.996571471613949766e-01 1.066950184432980997e+01
1.057172317408482165e+01 6.621741973388471081e+01 8.523931316857620288e+01 4.769120581680618187e+01 6.166599983482095837e+01 1.236353102788065570e+02 4.741056704685017849e+02 5.203656808631342301e+02 1.214519156179090231e+00 2.524433415407426384e+00 7.579177852904869894e+00 9.113016332370078132e+00 3.249751579799241785e+00 6.639313956062740552e+00 3.804012777640078724e+00 3.865908814062523624e-01 3.345800243694818099e-01 3.440182227399987691e-01 2.085224187203275903e-01 6.346549968477825654e-03 3.442024125502754495e-01 9.995404717207601042e-01 1.066709516240856459e+01
1.057183185548767845e+01 6.623469705801267082e+01 8.524097250024591688e+01 4.768827446300660000e+01 6.165844654848021378e+01 1.236406923079515536e+02 4.741184896145381913e+02 5.203541384302915276e+02 1.211152062377692351e+00 2.467529015507532009e+00 7.578028043846710027e+00 9.123724945873666670e+00 3.242466957043760090e+00 6.648717521568126898e+00 3.798997656387940403e+00 3.827181423861204523e-01 3.343891979000503945e-01 3.407528167699148680e-01 2.048922242319590470e-01 3.466142918815021210e-03 3.429846655999376215e-01 9.990690090328154804e-01 1.065024973075178316e+01
1.056491123365280593e+01 6.620766279413408029e+01 8.523085300145845622e+01 4.767787501318118615e+01 6.167967213697092888e+01 1.236196897582996144e+02 4.741199515527366088e+02 5.203232403283420808e+02 1.216668798488705239e+00 2.548759113116086716e+00 7.538464969241319480e+00 9.126189571811604395e+00 3.236999356017713936e+00 6.627480502420683095e+00 3.813688252969824610e+00 3.842732902506073023e-01 3.340260884975185252e-01 3.440268862596049804e-01 2.058789392264326057e-01 1.431755851043908247e-04 3.434623308338531911e-01 9.992739240709486159e-01 1.065835000002706678e+01
1.058052836243245487e+01 6.620358984033710215e+01 8.521992229646026829e+01 4.767697117003258711e+01 6.168779233524472261e+01 1.236341267065038352e+02 4.741187179361960489e+02 5.203239854222588292e+02 1.213379145099582113e+00 2.555009212730605661e+00 7.552969049739019169e+00 9.107708796762366887e+00 3.243427741811562903e+00 6.630192512767778545e+00 3.814297804702225569e+00 3.882245802605721052e-01 3.313308210566298651e-01 3.464338375501181955e-01 2.087382987752928465e-01 1.184496903067130350e-03 3.444061066531470816e-01 9.999892621975398077e-01 1.065327419586528279e+01
1.057354085183732018e+01 6.620758386995491662e+01 8.523690840621080156e+01 4.766869811665013401e+01 6.169143610882802164e+01 1.236382140814105526e+02 4.741239150821187991e+02 5.203335580690958295e+02 1.223214631707166822e+00 2.538548817479504116e+00 7.553918842758256424e+00 9.101467360452994981e+00 3.229839253018817580e+00 6.603312958024317503e+00 3.810998581162014620e+00 3.854378190256888548e-01 3.325191526161810351e-01 3.460213638274626247e-01 2.046166274245256322e-01 2.320597064061950387e-03 3.441238726298033734e-01 9.992799008680265382e-01 1.064329639862513055e+01
1.057133689253637954e+01 6.622215226525888454e+01 8.523251602993467202e+01 4.765925953759590783e+01 6.168176028049360582e+01 1.236336621244979028e+02 4.741328268060364621e+02 5.203236903454503590e+02 1.230971816426117638e+00 2.519898186756008851e+00 7.553884038461872841e+00 9.088436494997253590e+00 3.240368113145418949e+00 6.605042799721846158e+00 3.798292970460292572e+00 3.838614025918409278e-01 3.319009309187477275e-01 3.448862943655586766e-01 2.060806912415303060e-01 1.160188870852767434e-03 3.428358500545426457e-01 9.998136826258419152e-01 1.063912301383363079e+01
1.057608406429861780e+01 6.624985587005419063e+01 8.523771854628918732e+01 4.766110765936373639e+01 6.170366700008357697e+01 1.236438777635249551e+02 4.741276794536311741e+02 5.203254608105586385e+02 1.224927899299990131e+00 2.506536450237077496e+00 7.547377721375113424e+00 9.081103596513681708e+00 3.248839147407446948e+00 6.599804864653838088e+00 3.799067890767104494e+00 3.826941211168353174e-01 3.347576152932751903e-01 3.435008409782230321e-01 2.070438195477512788e-01 2.311202142918302891e-04 3.418157133156365379e-01 9.983706059986733328e-01 1.063995968124880420e+01
1.057571111589419743e+01 6.626044238232863393e+01 8.523528611379137487e+01 4.768204649165355846e+01 6.169408758254784431e+01 1.236444013824403498e+02 4.741171480683337904e+02 5.203221757307686630e+02 1.223298414558999347e+00 2.471147286986027591e+00 7.548241952460428728e+00 9.097974171761512352e+00 3.244932640305779437e+00 6.605464962849382893e+00 3.808749503156502403e+00 3.834722078707412662e-01 3.314513187299810704e-01 3.426275700581922212e-01 2.054693894020152567e-01 5.757230655413041881e-03 3.430426589781102598e-01 9.998680448526956477e-01 1.064679533636739706e+01
1.055801222214366319e+01 6.623167972969484651e+01 8.524020336295437517e+01 4.768598103617664208e+01 6.170330403501365168e+01 1.236187999582616612e+02 4.741182456627556121e+02 5.203191280561710528e+02 1.215266935975502616e+00 2.558655049328261377e+00 7.520697747268588529e+00 9.097085620507224135e+00 3.248863407560814487e+00 6.605955516146807760e+00 3.843663371741371293e+00 3.857167675396442341e-01 3.328649064996013762e-01 3.459810417070833255e-01 2.073895326334770084e-01 5.679202380517349782e-04 3.429144621279285876e-01 9.993450293106544979e-01 1.065531355246787903e+01
1.056481602946606024e+01 6.624814908119023471e+01 8.524244939476727723e+01 4.768497854085215693e+01 6.169805865524414656e+01 1.236343830976815497e+02 4.741138284961516547e+02 5.203281978837634369e+02 1.209735232687355611e+00 2.535204859843584124e+00 7.524640950707171427e+00 9.098008667584098319e+00 3.231348086914600515e+00 6.611272501960231196e+00 3.834588289195283828e+00 3.867580914184978735e-01 3.316261283664689308e-01 3.435175347647567712e-01 2.074609465021480803e-01 4.969263062316664654e-03 3.445521392449824583e-01 9.971475804674061472e-01 1.064771115763987375e+01
1.057047674123709058e+01 6.622936528672805423e+01 8.523492137358955745e+01 4.766368930003293514e+01 6.170187679854741702e+01 1.236345289965178011e+02 4.741073628830434359e+02 5.203102361287341182e+02 1.210053401904900738e+00 2.551090831966821515e+00 7.527478861835007251e+00 9.094116002160912871e+00 3.230331285236287986e+00 6.609322546611913651e+00 3.831817513584875545e+00 3.869207632407404840e-01 3.315008354935516377e-01 3.464812641685763306e-01 2.103462424073933579e-01 1.732244649563034842e-03 3.431004497367384221e-01 9.987871448693543819e-01 1.065086913033752225e+01
1.056008994748974494e+01 6.621805914334171916e+01 8.523561677757086841e+01 4.767570394375296416e+01 6.170746463509570390e+01 1.236187974486296071e+02 4.741160347629577245e+02 5.203201461437685111e+02 1.191650840379551157e+00 2.619143620383128201e+00 7.526444733891150207e+00 9.097626884257691060e+00 3.228503817301840773e+00 6.615598941536809718e+00 3.850538227679197512e+00 3.872687584418674778e-01 3.342910380782107005e-01 3.466617252578127473e-01 2.111251358804785150e-01 2.837407865395095985e-03 3.432437961199342746e-01 9.995843125594827683e-01 1.067398985296155978e+01
1.056122459682526049e+01 6.624265473596305753e+01 8.523517920831584149e+01 4.766648599077632298e+01 6.169450514628405813e+01 1.236188480470232491e+02 4.741137341575609980e+02 5.203478511970279214e+02 1.197054000777321825e+00 2.553819515962636455e+00 7.553825841388608353e+00 9.094546186957293443e+00 3.224477133884279034e+00 6.608670021059207755e+00 3.840643765471147830e+00 3.820841518616299171e-01 3.365275273079615381e-01 3.403918889772624135e-01 2.062731980296889367e-01 2.872286998094274266e-03 3.424216211086417716e-01 9.993485396014215594e-01 1.065986838562631256e+01
1.054928105917557879e+01 6.623177009294852269e+01 8.522211277447676991e+01 4.767209436906222209e+01 6.170208729928550895e+01 1.236269443503130532e+02 4.741059466958287203e+02 5.203395209909801906e+02 1.206575127354155841e+00 2.549743787199700407e+00 7.560217818084617569e+00 9.097542088291607598e+00 3.229103199414111280e+00 6.614747661310462767e+00 3.843711119746874960e+00 3.851749107192881105e-01 3.339399634763400293e-01 3.442262870635269256e-01 2.065376607744769943e-01 2.326423994786530267e-03 3.435415326857235718e-01 9.995658941052792956e-01 1.065907071459148980e+01
1.055400724843569726e+01 6.621847409877176460e+01 8.521636970083163476e+01 4.767103059560890443e+01 6.169669460609837586e+01 1.236256368030063584e+02 4.741041100093557361e+02 5.203453000621963156e+02 1.206882006564645948e+00 2.555023373104474249e+00 7.548906844868332300e+00 9.089670200861965199e+00 3.232812424843153565e+00 6.615703464784145282e+00 3.852559437204667425e+00 3.837423020581025579e-01 3.371760980317420331e-01 3.430254908241723855e-01 2.101642485778743852e-01 2.121059629698260340e-03 3.421623893179905340e-01 9.998505455279973475e-01 1.065636720051725916e+01
1.056505872778986088e+01 6.624657434193308347e+01 8.524253703737460341e+01 4.768254262323779358e+01 6.168928225755590233e+01 1.236299472267401995e+02 4.741102636532558563e+02 5.203637965328222208e+02 1.205931509375713473e+00 2.535977427806254791e+00 7.568487718176271528e+00 9.088913539045879730e+00 3.235977367497734569e+00 6.609305157880080550e+00 3.846995689856532508e+00 3.838096967401294912e-01 3.336891820168540468e-01 3.422252421847650772e-01 2.052400700537740375e-01 2.322219508885574237e-03 3.434739792187048724e-01 9.994187531818085057e-01 1.066248202371542142e+01
1.055262205438555334e+01 6.623816676925135027e+01 8.524330142862551440e+01 4.766409588151604737e+01 6.168858387347348327e+01 1.236304890505963954e+02 4.741078502639682029e+02 5.203502784016440046e+02 1.204343481511442215e+00 2.555614451997068937e+00 7.542947229706630452e+00 9.098242697996060002e+00 3.227442282863416612e+00 6.615370239446668243e+00 3.841456024504004585e+00 3.871825488159921780e-01 3.315292442238189086e-01 3.453518718413895461e-01 2.091559817025946399e-01 4.168451030816504831e-03 3.437490348163674270e-01 9.994592229219180224e-01 1.067307709934866544e+01
1.054416466397359464e+01 6.622126497584464744e+01 8.523173524289728675e+01 4.765389387405189581e+01 6.168640340174124503e+01 1.236217094582177936e+02 4.740943616185200540e+02 5.203458768202083320e+02 1.199896600759716270e+00 2.592292335566963590e+00 7.517596757112110950e+00 9.094125778137751581e+00 3.230872028208725322e+00 6.612053547393549557e+00 3.868457427027769846e+00 3.897489806161498205e-01 3.350573061500148331e-01 3.441607231197773009e-01 2.113746446938423451e-01 1.154917821171050959e-03 3.453639164847854270e-01 9.999481837903105852e-01 1.067268468797840697e+01
1.053323648287382497e+01 6.623786524130166242e+01 8.523813685256355654e+01 4.765780589332104000e+01 6.167813977211081777e+01 1.236282991698592468e+02 4.740923649748573325e+02 5.203404925575977131e+02 1.212039230550755686e+00 2.558927167136005654e+00 7.527797847429428479e+00 9.092933783507771039e+00 3.223480926920671230e+00 6.616923982545488414e+00 3.863657054271902869e+00 3.886850970784265780e-01 3.305073265265234261e-01 3.463766365453336271e-01 2.092542955478149391e-01 3.215955951728905263e-03 3.445746041725472053e-01 9.997931920928295746e-01 1.066790636314433449e+01
1.054130424974226976e+01 6.625991415925611250e+01 8.525951111688293338e+01 4.766688117039390704e+01 6.165325187218921599e+01 1.236429408736515541e+02 4.740852373478333561e+02 5.203747669234619480e+02 1.220883507005679380e+00 2.503922659371877746e+00 7.580333108636429174e+00 9.101838654372551574e+00 3.223058431015725755e+00 6.617125693102370754e+00 3.856297514093596224e+00 3.853257811396632593e-01 3.304011639754491636e-01 3.449080776307597573e-01 2.082239017968497419e-01 6.098418763658017445e-03 3.431252844709894445e-01 9.997361748413592375e-01 1.067461626238444339e+01
1.052838045295868064e+01 6.624243344481870110e+01 8.523105914957629636e+01 4.766387597051031833e+01 6.166837221934008539e+01 1.236244473870605844e+02 4.740735426081479318e+02 5.203477605102748385e+02 1.213048610697921692e+00 2.567991991065880608e+00 7.555236971626722919e+00 9.091130042996422134e+00 3.239830684058170540e+00 6.601037907855148212e+00 3.887152738376022931e+00 3.840672390972988959e-01 3.320884635921816375e-01 3.431920346172175340e-01 2.066737768906310446e-01 7.559855416357181895e-04 3.428297500643200379e-01 9.998991010750278852e-01 1.067971896930156461e+01
1.053288139571777826e+01 6.625077326360195684e+01 8.522580028106861505e+01 4.765681271077274062e+01 6.166021875651393458e+01 1.236312010854941263e+02 4.740812182118722262e+02 5.203450151082220145e+02 1.221651476215907417e+00 2.546799166638669121e+00 7.574169984334593764e+00 9.094689789180291584e+00 3.234167045416095121e+00 6.594148988527525290e+00 3.867087258195086807e+00 3.845756229644869961e-01 3.345193746837066273e-01 3.432275665631099315e-01 2.068679809147251636e-01 4.802143476382858545e-04 3.435043858883138346e-01 9.988132595081391507e-01 1.067526187050734698e+01
1.054443027791756649e+01 6.625330828267125582e+01 8.522482948663872548e+01 4.766799461695854490e+01 6.166854704184402181e+01 1.236218554304026895e+02 4.740849393646137173e+02 5.203388045395955714e+02 1.223591033968483677e+00 2.563373305072525810e+00 7.563177068705472905e+00 9.090343708165748993e+00 3.233675104004698930e+00 6.593437596063839834e+00 3.861865830589135573e+00 3.865729976658308642e-01 3.324041662952116893e-01 3.435649762844855126e-01 2.093492058708126269e-01 1.967604787572822030e-03 3.439498918165509456e-01 9.996521904244257684e-01 1.067351510410456150e+01
1.055165171421811721e+01 6.625069920382746602e+01 8.524879901436521834e+01 4.767756840042834909e+01 6.167652136766098891e+01 1.236211197506727615e+02 4.740821722876151512e+02 5.203524904971053502e+02 1.211037359746678588e+00 2.578195299936219431e+00 7.575237306164044782e+00 9.081193523846398108e+00 3.255232256685802739e+00 6.592455662601587996e+00 3.878873348649452435e+00 3.852977011278460595e-01 3.335369563968381690e-01 3.439713749809523713e-01 2.073387350921853667e-01 9.838536942470917004e-04 3.432339161187146770e-01 9.998441462719451778e-01 1.068134161873667942e+01
1.054091564134736991e+01 6.624034445289913720e+01 8.523044243207300497e+01 4.765618520428145644e+01 6.169240986630814660e+01 1.235963935656872792e+02 4.740769618295298642e+02 5.203135564591494813e+02 1.217497217480784322e+00 2.658730156938954980e+00 7.523920809098179951e+00 9.082631698919753305e+00 3.263353115730482035e+00 6.573497511371876101e+00 3.916860453580682577e+00 3.891502155536976648e-01 3.326305065966914665e-01 3.458555412765745296e-01 2.118102120465790716e-01 8.606582738524986599e-04 3.444600834162778735e-01 9.989075407810753537e-01 1.068981300757823760e+01
1.055789250720833294e+01 6.625896809816723021e+01 8.525670773665642344e+01 4.763927159413471202e+01 6.168624243571736798e+01 1.236166978712213051e+02 4.740803214354504576e+02 5.203305990356959683e+02 1.217966321874428326e+00 2.576188027834275029e+00 7.560403583873569922e+00 9.080839128897089552e+00 3.272012873092537966e+00 6.575413576866107057e+00 3.871216369904837418e+00 3.888873104824475124e-01 3.338153646814340236e-01 3.449313045958392054e-01 2.105164744374627417e-01 1.632830922130418944e-03 3.448010316984302381e-01 9.997213643150277829e-01 1.068695496419618429e+01
1.054657731346005001e+01 6.625132397685655405e+01 8.525607939944539737e+01 4.762718008036969053e+01 6.168845080209124632e+01 1.236193239710904237e+02 4.740735151667218474e+02 5.203398093617087170e+02 1.221161437557962692e+00 2.576173326150711596e+00 7.547471788380464730e+00 9.084105881230144064e+00 3.286884894010710934e+00 6.566605545098422425e+00 3.855267224464745457e+00 3.828509409169715272e-01 3.317309420143234600e-01 3.418117136412592849e-01 2.037695325258100931e-01 4.936001462599515959e-04 3.433734370558628179e-01 9.986470275057151014e-01 1.067382424051717749e+01
1.055257559880952023e+01 6.623170839124193776e+01 8.524533996331057040e+01 4.762565578651673093e+01 6.168953402592941870e+01 1.236138663341490940e+02 4.740862583310512264e+02 5.203284567790544770e+02 1.233817952730170697e+00 2.573342685800438456e+00 7.552811173656201582e+00 9.068949781560753820e+00 3.282815853437594633e+00 6.569043542999710716e+00 3.853620432276783525e+00 3.861154123287667272e-01 3.350105454121268256e-01 3.443623947014973208e-01 2.095725388432386205e-01 1.810410457442476403e-03 3.435591749417076235e-01 9.999572973541386300e-01 1.066333335496559087e+01
1.055218552565477097e+01 6.622615767504557027e+01 8.522743312943418914e+01 4.762570941648830569e+01 6.167931064780608352e+01 1.236156252019214037e+02 4.740865144722727109e+02 5.203050318737633688e+02 1.224215188147687039e+00 2.572211507864702984e+00 7.547332990674290976e+00 9.068174813395433631e+00 3.265637201720134275e+00 6.571603551947880817e+00 3.862670798963649510e+00 3.871351608979482495e-01 3.355332897084632449e-01 3.438760735709747163e-01 2.110194208364011836e-01 3.640067065279781015e-04 3.438952398525819132e-01 9.998669219097868766e-01 1.065084814840493799e+01
1.054469543832045630e+01 6.623085439622232684e+01 8.521644392784885724e+01 4.762469925571544849e+01 6.167174393395124099e+01 1.236384956770050536e+02 4.740906548279612593e+02 5.203076822555331091e+02 1.220538267938357402e+00 2.547988648908519949e+00 7.558418306741609527e+00 9.070825248473243008e+00 3.258203745084711223e+00 6.580910984858673984e+00 3.864800630192011255e+00 3.837511240041925897e-01 3.343586871160315055e-01 3.422287328399046813e-01 2.060814396293371709e-01 5.762682227089023241e-05 3.429829519500826041e-01 9.994156676175717235e-01 1.063921219341590430e+01
1.055603021988431145e+01 6.623402142825020178e+01 8.520942973783841978e+01 4.763257842472643233e+01 6.168628754195825792e+01 1.236295002902003688e+02 4.740997550893216044e+02 5.203121338943504952e+02 1.212806859738781551e+00 2.534490181572147005e+00 7.557168182518268829e+00 9.067498670106337144e+00 3.250229335227214023e+00 6.575788733018215204e+00 3.865923257286741244e+00 3.864185586867394107e-01 3.289762675513635548e-01 3.455050580495466206e-01 2.065302407299451914e-01 4.320434235041660347e-03 3.437035497880224222e-01 9.987951400586910777e-01 1.062911956227620358e+01
1.050784536979945649e+01 6.634222442250667484e+01 8.541432251915077245e+01 4.782478962640568909e+01 6.170105996596709730e+01 1.237292174302685908e+02 4.742259865344087757e+02 5.205812434149296450e+02 1.179922859435725613e+00 2.212576250795021959e+00 7.883014810360850610e+00 9.243891985528824407e+00 3.160247050357377407e+00 6.712472418004428398e+00 3.506423634020230384e+00 3.839105380598863970e-01 3.387704775033808513e-01 3.420023435383165999e-01 2.194714074308550811e-01 5.743637844898776684e-02 3.410689481789430655e-01 9.996511792631069815e-01 1.072598602665486034e+01
1.049928719930629128e+01 6.634150965300696612e+01 8.541354111969889118e+01 4.782313309726316675e+01 6.169065015279863928e+01 1.237454538864869420e+02 4.742118134946736063e+02 5.205843235436221903e+02 1.187961479678292687e+00 2.229838374148883418e+00 7.875412609805161779e+00 9.246509388112759353e+00 3.162465312252206395e+00 6.706233142262547631e+00 3.513712779920102669e+00 3.821776301188483105e-01 3.360452078583407998e-01 3.389723972462928003e-01 2.116655851103464991e-01 4.026273596312869574e-02 3.416750796580756977e-01 9.999388289835468013e-01 1.072197211429400276e+01
1.050087046339729646e+01 6.634499713578739488e+01 8.542282854165338790e+01 4.782416795423822009e+01 6.169556403087833019e+01 1.237506009730611396e+02 4.742078987939763692e+02 5.205720412387065608e+02 1.187010414560277116e+00 2.229248176377485624e+00 7.872489659015487362e+00 9.252160577432581690e+00 3.169266951321880743e+00 6.709333200912341866e+00 3.512959824329000558e+00 3.853773639521599348e-01 3.365831755380839230e-01 3.383879341936830154e-01 2.143384120917180002e-01 4.008491798393917782e-02 3.429394479370282411e-01 9.993267035714911151e-01 1.073115636819907159e+01
1.050220304165810070e+01 6.635051079588593836e+01 8.542106119585591273e+01 4.781593253147922695e+01 6.169214495077422100e+01 1.237428553651772347e+02 4.742071664243313194e+02 5.205775544624430040e+02 1.202517581913825850e+00 2.256634627072437560e+00 7.882052238151121770e+00 9.261670607129291355e+00 3.167681746226635564e+00 6.706700045146013700e+00 3.509634800670303978e+00 3.868115851435396380e-01 3.307100561946590966e-01 3.435270395775310015e-01 2.112847263366196549e-01 3.419998127499424001e-02 3.430098954340192741e-01 9.998131806038275116e-01 1.074446924737800124e+01
1.049299213141742015e+01 6.636546994348110218e+01 8.541050911969513493e+01 4.780924173390992138e+01 6.169036352084103214e+01 1.237325764676038915e+02 4.741986250177387774e+02 5.205752100744125528e+02 1.210600843721397535e+00 2.268052597678178017e+00 7.901224855444501927e+00 9.258987774460193165e+00 3.162400100936950675e+00 6.714089753247644232e+00 3.514466082589102758e+00 3.838697717224487382e-01 3.362141859460346383e-01 3.382926550322872261e-01 2.116739058190652001e-01 2.771220656526115003e-02 3.422999307945330805e-01 9.995730138397928011e-01 1.074122604313436113e+01
1.048700512515755889e+01 6.639281734184464767e+01 8.541178530153278814e+01 4.779238955730467353e+01 6.168343525787971515e+01 1.237380902576273058e+02 4.741930947872464230e+02 5.205697941519239293e+02 1.229270706247228784e+00 2.292988135132883798e+00 7.911285860466506392e+00 9.264036618741327445e+00 3.170539856942570456e+00 6.711163519389489629e+00 3.510633001945377973e+00 3.843544990697714270e-01 3.350801356866476288e-01 3.381405959869569489e-01 2.092847494918244344e-01 1.892602266141244285e-02 3.430915205476747221e-01 9.983069249298104353e-01 1.072255605444521365e+01
1.047243343090553758e+01 6.640299877436488885e+01 8.541660491326770455e+01 4.779974091769708622e+01 6.167903212136315716e+01 1.237313003058999641e+02 4.741959943126167900e+02 5.205715755398385909e+02 1.238614488630409793e+00 2.302769208161341563e+00 7.930559702874146133e+00 9.244495796112897068e+00 3.172159721814950650e+00 6.723622155305081449e+00 3.497148459555370792e+00 3.809197258286867727e-01 3.374487056919726613e-01 3.384595685208092175e-01 2.074584512044781448e-01 1.563008220515988214e-02 3.413555121004406279e-01 9.998537245704534060e-01 1.072333183234760590e+01
1.047511731126083845e+01 6.641418693072402846e+01 8.541853705775527317e+01 4.779923083395419070e+01 6.165841746972984083e+01 1.237405756483638584e+02 4.741841665311835641e+02 5.205656388342048331e+02 1.256439059198628971e+00 2.340678417216253582e+00 7.953710125725370617e+00 9.248915931339514174e+00 3.154038502537092281e+00 6.721102564631887155e+00 3.495848563253217911e+00 3.797955023341685332e-01 3.368769325523740532e-01 3.400504845361992379e-01 2.081200222416388912e-01 1.272760652599810340e-02 3.400890537869439290e-01 9.979509435120054173e-01 1.072010147074968245e+01
1.048040117612704591e+01 6.643191607016775890e+01 8.542631022944533470e+01 4.780015753531584011e+01 6.164850396816213163e+01 1.237391052438148336e+02 4.741823380304307420e+02 5.205515642792314566e+02 1.249771970545576316e+00 2.346335347002502125e+00 7.983412027835215419e+00 9.257616577532683522e+00 3.150641780987087692e+00 6.727105676745175344e+00 3.515096602664401715e+00 3.829959793956818626e-01 3.292033170882365800e-01 3.430064816287309859e-01 2.040198767944170488e-01 9.081018545947623644e-03 3.421163551190032903e-01 9.996111974326965521e-01 1.071192656370000051e+01
1.049502382809762047e+01 6.645640209427168088e+01 8.543047233394011641e+01 4.779927275783305873e+01 6.163380645989838058e+01 1.237362234895804249e+02 4.741715221786387247e+02 5.205485872773883784e+02 1.255454180374769413e+00 2.395443671639816419e+00 7.987426964689406717e+00 9.262563272249648705e+00 3.136387145324261994e+00 6.741079700607883751e+00 3.513055065499783858e+00 3.856322192248121117e-01 3.307755711131554754e-01 3.449686141528466310e-01 2.054355747872085303e-01 3.283031286467495181e-03 3.427092546799407335e-01 9.988340391943305585e-01 1.070850016482990519e+01
1.050303160365047539e+01 6.644586110798229583e+01 8.542404714483404859e+01 4.779178991568549861e+01 6.163267738712984567e+01 1.237339888336338163e+02 4.741585371020727848e+02 5.205484602993815315e+02 1.256841605730570688e+00 2.404610176813592570e+00 7.994796847386155925e+00 9.260424420653928124e+00 3.116105178441519907e+00 6.741901492231846760e+00 3.516604530146407726e+00 3.866126864618633086e-01 3.290530671444128474e-01 3.437892085458397196e-01 2.066412582954088306e-01 1.979795574389578341e-03 3.431286035796476952e-01 9.986020613555324221e-01 1.070348692149866743e+01
1.049575183140335177e+01 6.643604213723205021e+01 8.541641399149986569e+01 4.780585365673440634e+01 6.162766219243759025e+01 1.237422697894300541e+02 4.741452720483251255e+02 5.205321108025929107e+02 1.233342842146553542e+00 2.413661616371684637e+00 7.993760281759576536e+00 9.262737455932219532e+00 3.114321238107780498e+00 6.733041824632080008e+00 3.517591738204583152e+00 3.845493977464845003e-01 3.305594499856047142e-01 3.442888120548607267e-01 2.064989482929754094e-01 4.748907384327891688e-03 3.419917971422006264e-01 9.990371192339682072e-01 1.070218232283599136e+01
1.050345330315404979e+01 6.645196054588343770e+01 8.542253196614311150e+01 4.780712726195788775e+01 6.161554757170156904e+01 1.237400961478947181e+02 4.741307379768266514e+02 5.205275455543713861e+02 1.246062418080615908e+00 2.417744601704058471e+00 8.022463158155265006e+00 9.266242272496983290e+00 3.109338186744710963e+00 6.727260743791373621e+00 3.511827222565186091e+00 3.822683387038970926e-01 3.289042505063654032e-01 3.439382679770043305e-01 2.020331277009548010e-01 2.371976418057004845e-03 3.416819946495175953e-01 9.996155211221622316e-01 1.068739615524012798e+01
1.050865978455987992e+01 6.646304614593420013e+01 8.542541538969281589e+01 4.780913282860289115e+01 6.162436181722637230e+01 1.237426868472010568e+02 4.741401102993565928e+02 5.205281634252640970e+02 1.249436537898890975e+00 2.415092275742372507e+00 8.027244405935070048e+00 9.259615214669434380e+00 3.115439837202141238e+00 6.722485317553086759e+00 3.520804280766378636e+00 3.858825525476035634e-01 3.301251194328871374e-01 3.447715887576980331e-01 2.064331875455083232e-01 3.741426360723804079e-03 3.427609550618085921e-01 9.998405065552498083e-01 1.067938085843084117e+01
1.049916517593794119e+01 6.648102168132992063e+01 8.542162869827841121e+01 4.779433552567664378e+01 6.161846438997798003e+01 1.237448423544000491e+02 4.741374715107343718e+02 5.205189464469564200e+02 1.235065641478373832e+00 2.430650096543653049e+00 8.043368902986895108e+00 9.273687050628470985e+00 3.124544275101440505e+00 6.724068357721674438e+00 3.527144273950726383e+00 3.832694961790839017e-01 3.322426627841865709e-01 3.409192266392515047e-01 2.044966340114230396e-01 5.351283043035132830e-03 3.429156600424303480e-01 9.982650266842655329e-01 1.067103880398994242e+01
1.050329658796480636e+01 6.648376882440246050e+01 8.542199246934593759e+01 4.779337871492574408e+01 6.162690667179171555e+01 1.237486274413036398e+02 4.741319086302473238e+02 5.205227230942240340e+02 1.237282838040980604e+00 2.430993628113670812e+00 8.033186830573580295e+00 9.266294087068454033e+00 3.125799946998689016e+00 6.703574554108166161e+00 3.523925943771819114e+00 3.834962770880563365e-01 3.316982767529255693e-01 3.414116592266533412e-01 2.045497204850509065e-01 2.421511946732870808e-03 3.423949531994525675e-01 9.999360375569980031e-01 1.068868204073476669e+01
1.049681254717947709e+01 6.650342837597568746e+01 8.542507800925130823e+01 4.780602105350433106e+01 6.162012986271565040e+01 1.237434134547540054e+02 4.741262169591603310e+02 5.205146385130382214e+02 1.232012459797404480e+00 2.463217738309631422e+00 8.035986575702620982e+00 9.267445334440214566e+00 3.115624063059830195e+00 6.689579361101245958e+00 3.528045569950320370e+00 3.839859111370541034e-01 3.293187304952079342e-01 3.420898407548718656e-01 2.045559307920492287e-01 3.538426215864567438e-03 3.425466201210717321e-01 9.995427964226486495e-01 1.068879704605478942e+01
1.049964529101723087e+01 6.649055451226047353e+01 8.542761804512895196e+01 4.781120258521292499e+01 6.160632122104195929e+01 1.237419893072913624e+02 4.741232769992789713e+02 5.205193528044115965e+02 1.234162817180391336e+00 2.463262502606155646e+00 8.043742838210739876e+00 9.256133874629002278e+00 3.104470985240882275e+00 6.694107383327091654e+00 3.522955937811885541e+00 3.846297272317620863e-01 3.361574347712107946e-01 3.406901741001093220e-01 2.080544527673132138e-01 3.148026750902930063e-03 3.423222203457114698e-01 9.996108880740450786e-01 1.067460158367869738e+01
1.048635368451278183e+01 6.647898262847685658e+01 8.541529056249423490e+01 4.782098796259865026e+01 6.163354839688953746e+01 1.237420492197065585e+02 4.741399025528502307e+02 5.205260031899762225e+02 1.236764229354164746e+00 2.434453526860080874e+00 8.032504795138567744e+00 9.259996209532047828e+00 3.133703560005740574e+00 6.678248078564231527e+00 3.529676767125592196e+00 3.817500126420300677e-01 3.342107383380654162e-01 3.393982760661407028e-01 2.039444715483329507e-01 9.759687580711476481e-04 3.422060407833887874e-01 9.992165436849337334e-01 1.067293543729338090e+01
1.047419163762664418e+01 6.649600997867224805e+01 8.541535858790322777e+01 4.783626778185873718e+01 6.161425084683138209e+01 1.237448706976984738e+02 4.741289842892313118e+02 5.205246401253505155e+02 1.228485940946198784e+00 2.474494511220751036e+00 8.052295021709916512e+00 9.267780408973568029e+00 3.112317608982272166e+00 6.675795541201956063e+00 3.532331199251578902e+00 3.801668900118880257e-01 3.349897295339834824e-01 3.394886604825697596e-01 2.041026360923438865e-01 1.006301456918380979e-03 3.408682926318887807e-01 9.990932811836702454e-01 1.065406960620883403e+01
1.047725829594770453e+01 6.649986356689700528e+01 8.541747968212911246e+01 4.781750935219771037e+01 6.160257816924227114e+01 1.237530285731058086e+02 4.741352822827714704e+02 5.205243542098812668e+02 1.222776645849016797e+00 2.453229195026154219e+00 8.052626027279865539e+00 9.265982459913733038e+00 3.101329095028820593e+00 6.679483571654958318e+00 3.533407262145510153e+00 3.875356343275715432e-01 3.273263825106529357e-01 3.437922618039776501e-01 2.050020088107986638e-01 2.527525376437324972e-03 3.435904006466461436e-01 9.993715960206838167e-01 1.064821694828982857e+01
1.046964276128297655e+01 6.653519336684713892e+01 8.541663068769938150e+01 4.780500327345540512e+01 6.156566379821251189e+01 1.237479957825458996e+02 4.741027148637833193e+02 5.204905504101851648e+02 1.214825702792665663e+00 2.521939836012474512e+00 8.114067989643311662e+00 9.275777442162999264e+00 3.091677032070272446e+00 6.683503465742727023e+00 3.544591298288803038e+00 3.840381939991018845e-01 3.294573915241992279e-01 3.419696748159738453e-01 2.047324828291690324e-01 3.307079741394508164e-04 3.420556004241077641e-01 9.995611293006342324e-01 1.061798730910534339e+01
1.046931354038730433e+01 6.654338147895279576e+01 8.540957311251479211e+01 4.781402430623933242e+01 6.156485542053359694e+01 1.237371813037986783e+02 4.741066155886271645e+02 5.204806669188743626e+02 1.214369384513227512e+00 2.530846414222792884e+00 8.109652347586553844e+00 9.288012019936243036e+00 3.107839230604834135e+00 6.682323851966477157e+00 3.530964084553392279e+00 3.843759955259409833e-01 3.297685707529953714e-01 3.422173276010321841e-01 2.045209662300798148e-01 4.564749672468768928e-03 3.426692722179844885e-01 9.991330717046290610e-01 1.061625121469677957e+01
1.047747688521834419e+01 6.653194612141935238e+01 8.541365708090798137e+01 4.780175791310671940e+01 6.157336113435520275e+01 1.237490931431915158e+02 4.741166493386256775e+02 5.204888857432724762e+02 1.213486581197134262e+00 2.525075279417801077e+00 8.104266592626691690e+00 9.288028623246011861e+00 3.108893667041369824e+00 6.690219199983553189e+00 3.531432947311032855e+00 3.859184514613667738e-01 3.291654936389097896e-01 3.433533316443523886e-01 2.059403623767901426e-01 8.732512564814879762e-04 3.426152409741997085e-01 9.996153879641368478e-01 1.063024777786410091e+01
1.047296585001115865e+01 6.650841685673974268e+01 8.540142178099458192e+01 4.779728531662013324e+01 6.159796312105284244e+01 1.237611766676568976e+02 4.741427475962999551e+02 5.204971683032275678e+02 1.197882769726068997e+00 2.468429764336063315e+00 8.064850246998505057e+00 9.285541004442885438e+00 3.128135632079144024e+00 6.708364091213723235e+00 3.535077055117116007e+00 3.776103064830065303e-01 3.357677128256806309e-01 3.365255757688597749e-01 2.025034992152731639e-01 2.906297367592913534e-03 3.401519622623127015e-01 9.995333383623558055e-01 1.062948827121246431e+01
1.047175706908739912e+01 6.651863376025841035e+01 8.540409160819132239e+01 4.779669140223701618e+01 6.157701648486592205e+01 1.237652855597231820e+02 4.741358385457084523e+02 5.204831308799870158e+02 1.209758057204200377e+00 2.503278707676534154e+00 8.089631683212884283e+00 9.308270447571803885e+00 3.119532093943441442e+00 6.715991939833640956e+00 3.542327331754718589e+00 3.814287189746574103e-01 3.351959412056402798e-01 3.383931782408221567e-01 2.075027009275878798e-01 1.074773253591519966e-03 3.410230078657247033e-01 9.990693886647319388e-01 1.059613438748920089e+01
1.046356016570635283e+01 6.651102703065991761e+01 8.539117851029490680e+01 4.779679170079202777e+01 6.157140775955017631e+01 1.237656032583602013e+02 4.741365435084968567e+02 5.204847962730455038e+02 1.207008175468410771e+00 2.492413942507986757e+00 8.085304466873049378e+00 9.314870331167096396e+00 3.102618315507192914e+00 6.712449355588779198e+00 3.544378903149515203e+00 3.849705065579869800e-01 3.314890497525653235e-01 3.401461670492370026e-01 2.066310530667628542e-01 1.150554434096008518e-03 3.428797812397444966e-01 9.977834157766806156e-01 1.059973957879324402e+01
1.046220086382398229e+01 6.652582222772579712e+01 8.537931596183260297e+01 4.779222128274746240e+01 6.154557001621803636e+01 1.237742736639829246e+02 4.741311390823768761e+02 5.204967044000661645e+02 1.215450355247545078e+00 2.509948330373742653e+00 8.095298140272612741e+00 9.307314739797673653e+00 3.082173985653576587e+00 6.718638678194222891e+00 3.551671775837616174e+00 3.902317408383478847e-01 3.239694996322952658e-01 3.465341447644171291e-01 2.060009396514716207e-01 1.002448650594205863e-03 3.442762885887279967e-01 9.997787242211979564e-01 1.059317937184810710e+01
1.045334687259228801e+01 6.650515622373822566e+01 8.538363249127191068e+01 4.779369516521683892e+01 6.153953390751159702e+01 1.237687206085626741e+02 4.741323334322461847e+02 5.205086862967373236e+02 1.217681661298740003e+00 2.518049425491971860e+00 8.096776305043256627e+00 9.306855348309159837e+00 3.097441995417615779e+00 6.736589466552317162e+00 3.552023875836681555e+00 3.838179250215203453e-01 3.302805123778610463e-01 3.432604795013997068e-01 2.053326226460659709e-01 8.382408601151276103e-05 3.419342903536838896e-01 9.989747950317071634e-01 1.059252169849745684e+01
1.045438953779484947e+01 6.652611401230312538e+01 8.538378339789851168e+01 4.780029931183455005e+01 6.152245115748104354e+01 1.237780369503031750e+02 4.741249232351788692e+02 5.204838728343539742e+02 1.213309379040781177e+00 2.554964136891831217e+00 8.118790389055957846e+00 9.317089062831524160e+00 3.078034746659448206e+00 6.729477067987735595e+00 3.548402002339213102e+00 3.862710517913325869e-01 3.272903084312855926e-01 3.425788806832557598e-01 2.052368830257696453e-01 1.262449225797408021e-03 3.429619824373310588e-01 9.996374821136404520e-01 1.057477910646179353e+01
1.044148578294355190e+01 6.654466659041882792e+01 8.537087184374794901e+01 4.780580090307476127e+01 6.152657546881072648e+01 1.237837935948136590e+02 4.741131864836950740e+02 5.204795706310684409e+02 1.199304530528155999e+00 2.555194230564196811e+00 8.124501921401128257e+00 9.318163381509981136e+00 3.066683341466431401e+00 6.744393039952303326e+00 3.560104177055806396e+00 3.857400841694921256e-01 3.329338347705472767e-01 3.404059466773706744e-01 2.079970257815381973e-01 8.547026106670628596e-04 3.429923867155818540e-01 9.996544142325347604e-01 1.057571674855001831e+01
1.044682308799893278e+01 6.655706984911952873e+01 8.537309129533511509e+01 4.779879396707417527e+01 6.152158823097115459e+01 1.237811221472974239e+02 4.741243952403355593e+02 5.204738734401565807e+02 1.206770619389297527e+00 2.555242931063996803e+00 8.132805618435941852e+00 9.310075421419913511e+00 3.075370966364632697e+00 6.739481498249181968e+00 3.569966366904407717e+00 3.839935158026719364e-01 3.343492609334351440e-01 3.403132539124832379e-01 2.077001676798754803e-01 8.632337441512559495e-04 3.421127865794983958e-01 9.996559081359616128e-01 1.059425536250834554e+01
1.044734086172913123e+01 6.655215072580028846e+01 8.535571523172184527e+01 4.780215668979155197e+01 6.151327133842274719e+01 1.237769026969497759e+02 4.741194965296115242e+02 5.204737594331376158e+02 1.188813924269834565e+00 2.550382469641859551e+00 8.135079442260490623e+00 9.323583204983389550e+00 3.064799021937484991e+00 6.739872403946144175e+00 3.564462770531714675e+00 3.838273310035813513e-01 3.282337393762830291e-01 3.414562961186037304e-01 2.038260661171277799e-01 1.412329017305153224e-04 3.419941905919080538e-01 9.989576257409757964e-01 1.058250959779626577e+01
1.044079613575779319e+01 6.657713565883280182e+01 8.535730347808163287e+01 4.780507141876999810e+01 6.149269622646314559e+01 1.237838079021537112e+02 4.740998868663037342e+02 5.204718511246557000e+02 1.186747559895280135e+00 2.584115968461913049e+00 8.142288667587120443e+00 9.325999042246868598e+00 3.044297817939335626e+00 6.736590093920768574e+00 3.556951825612967522e+00 3.840301273536660398e-01 3.283074148883273757e-01 3.408487247218384142e-01 2.048887925456822356e-01 4.899100139891711045e-03 3.421999262493198302e-01 9.996817140321918593e-01 1.055684953913994129e+01
1.044790245471545020e+01 6.657498080108318561e+01 8.537773386390693986e+01 4.779589482760700747e+01 6.149652957645078999e+01 1.237749007055571440e+02 4.741043319055104917e+02 5.204877588923972098e+02 1.200562275858012118e+00 2.574730033375022931e+00 8.124762093268994789e+00 9.328623934779479043e+00 3.042094904880527029e+00 6.739079945999902677e+00 3.552030587642651227e+00 3.853424304198244665e-01 3.286988455071331861e-01 3.439786725555631919e-01 2.081985339530268708e-01 2.103423537689548366e-03 3.416020296085057195e-01 9.999067465734217119e-01 1.056953493307260850e+01
1.046758557904229825e+01 6.658522360293783038e+01 8.538273847338386702e+01 4.778356894397447263e+01 6.150539540789899462e+01 1.237604677043578363e+02 4.741061923273579737e+02 5.204875196538420141e+02 1.208094377696176780e+00 2.574503039548652783e+00 8.114657308793139734e+00 9.314578223082575548e+00 3.040676418687005000e+00 6.744134759761507780e+00 3.546792699099741153e+00 3.843199151872470076e-01 3.321684616620647623e-01 3.389563017594175998e-01 2.063901470611173294e-01 8.320100428341944141e-04 3.427236692194923773e-01 9.995482946844382877e-01 1.057779071404615756e+01
1.046915323834972789e+01 6.656126601001052734e+01 8.537583614483199312e+01 4.777783929287372189e+01 6.152069689356835624e+01 1.237571033320330827e+02 4.741203092009844795e+02 5.204993469374303459e+02 1.187029122695899552e+00 2.522885073136083900e+00 8.081264318401244040e+00 9.311746642722154021e+00 3.044006707335426665e+00 6.748649907526398373e+00 3.551053126876987154e+00 3.850784070118541957e-01 3.285744016652628052e-01 3.418978193900936713e-01 2.058746047472027052e-01 7.296002942596558315e-03 3.425718403199396467e-01 9.994718867851077881e-01 1.058690706122687253e+01
1.047973768454813737e+01 6.655022315020792689e+01 8.538054712942484059e+01 4.777984419844000996e+01 6.153373240634645924e+01 1.237396294366193530e+02 4.741143477865908835e+02 5.205124094525922374e+02 1.199042530734720113e+00 2.508177169676388374e+00 8.058981633243018194e+00 9.314324737335340387e+00 3.045045209619485771e+00 6.756614681480480833e+00 3.540936967248594414e+00 3.858180417151463315e-01 3.327613954159909238e-01 3.398246362449651725e-01 2.091458902449065405e-01 2.688607624916529090e-03 3.427271798305654427e-01 9.994153663732219250e-01 1.059295503367988722e+01
1.047869324516353551e+01 6.651365224437968493e+01 8.538078463344963609e+01 4.778889447841046234e+01 6.157286253638485363e+01 1.237461994935957819e+02 4.741162476992023471e+02 5.205284290084982786e+02 1.205252691842817248e+00 2.460702441591033462e+00 8.020624931702972304e+00 9.289023176109500568e+00 3.069177662551329178e+00 6.741978383166880029e+00 3.520409403785442315e+00 3.810009559102328081e-01 3.302479337816959792e-01 3.400553163510026677e-01 2.021101380254303470e-01 4.662316354476550226e-03 3.414829916445552560e-01 9.993824954928749449e-01 1.061133285321079001e+01
1.046949920027167025e+01 6.656280910420321106e+01 8.538387804747350174e+01 4.777665917773490634e+01 6.155613969469649049e+01 1.237440145644450951e+02 4.740881445589852774e+02 5.205075145333959199e+02 1.199904030360529061e+00 2.521779970445805930e+00 8.064338879633773161e+00 9.308608323737827206e+00 3.058129704571005636e+00 6.756453706449063290e+00 3.524552927948194636e+00 3.836099925287036472e-01 3.305520452533620146e-01 3.424733805527688801e-01 2.031984481150067301e-01 1.469558393342949290e-04 3.419976977034375754e-01 9.998134418184675409e-01 1.058188467872061800e+01
1.047009495357958464e+01 6.660137802017378306e+01 8.538069079191402011e+01 4.778868619253861993e+01 6.153961147472646331e+01 1.237479979829005288e+02 4.740716614202792698e+02 5.205063467935251538e+02 1.227564655605067667e+00 2.546412053111828833e+00 8.094911959752803199e+00 9.302410354727079778e+00 3.043339898175694724e+00 6.755089093369524456e+00 3.519614044352143978e+00 3.845558213767210631e-01 3.291076163715696556e-01 3.409028651764151596e-01 2.043758642222866240e-01 4.708027077956957341e-04 3.428504742450364517e-01 9.996205514831361105e-01 1.056779577099992906e+01
1.048029878477872856e+01 6.662962113643068562e+01 8.537970581307536122e+01 4.777780984939631281e+01 6.153601165966562547e+01 1.237554346619389776e+02 4.740693167462931683e+02 5.205023274048122630e+02 1.227960494829975602e+00 2.571065798399112534e+00 8.099878953011550919e+00 9.300449160681820260e+00 3.021078492421899853e+00 6.772910538377075795e+00 3.515524682721334671e+00 3.868292242856888885e-01 3.275366565211333403e-01 3.432033270150953719e-01 2.038776793199206794e-01 3.778818121657423154e-04 3.436782605576793048e-01 9.975759963295598443e-01 1.055494553025505233e+01
1.048436552741722139e+01 6.657592635070017195e+01 8.538335596359051749e+01 4.777247477209520099e+01 6.157211499915383968e+01 1.237482986675968277e+02 4.741015023855347863e+02 5.205244627300276079e+02 1.212166639451527139e+00 2.514500891753425282e+00 8.053080249186711725e+00 9.304098122155158634e+00 3.059378680886669422e+00 6.755984116927298722e+00 3.501354775476546610e+00 3.852936195967934241e-01 3.328305967065112725e-01 3.400057767957398447e-01 2.078683162512492411e-01 2.948645304846318933e-03 3.427002202642190354e-01 9.998470785722640697e-01 1.058179502958406282e+01
1.048367088567226624e+01 6.664570035285296967e+01 8.538117335119727613e+01 4.776426136501437725e+01 6.152450232955079201e+01 1.237556554514396652e+02 4.740736665953344300e+02 5.204821848902416832e+02 1.218328834609159417e+00 2.600518707080694991e+00 8.126295017476662608e+00 9.315722619969294627e+00 3.032257471227453927e+00 6.767925607089399165e+00 3.502648618431989824e+00 3.853321465038007099e-01 3.289711033052056255e-01 3.445938152916195873e-01 2.057248197311894178e-01 9.360725511044903089e-04 3.422283679884089436e-01 9.997214617874174980e-01 1.055346151646524788e+01
1.047373769510932284e+01 6.664395105207235304e+01 8.538114486653326196e+01 4.775786862596741855e+01 6.154826107284147696e+01 1.237460050947377113e+02 4.740792791605339858e+02 5.204769558038502737e+02 1.201147221535687315e+00 2.576497488716696704e+00 8.124750684470143369e+00 9.311739157773859077e+00 3.033467452841982936e+00 6.766991189913057703e+00 3.508079877235870114e+00 3.848042057534187266e-01 3.317700886780792779e-01 3.424833620614088359e-01 2.065552597188667905e-01 1.146525885822398307e-03 3.420087188002494671e-01 9.993490485323941463e-01 1.056077360009663657e+01
1.047985370819370665e+01 6.662191665231961224e+01 8.540020304149481944e+01 4.776914490775907751e+01 6.156839837788167813e+01 1.237341416912610583e+02 4.741103321306808880e+02 5.204945335196858878e+02 1.183322085732231743e+00 2.526217620734164004e+00 8.095576546377591498e+00 9.297006595948191787e+00 3.060931802276436908e+00 6.757279833355541498e+00 3.486184106309334396e+00 3.865823219421223311e-01 3.316400173298486576e-01 3.413404709629418443e-01 2.072639344756584678e-01 2.356493608821518676e-03 3.426915930460042170e-01 9.996308225557460903e-01 1.058374131624721493e+01
1.048244797662622219e+01 6.662584963710456520e+01 8.538646019343906346e+01 4.777138065630503405e+01 6.156811506359034780e+01 1.237526014454458618e+02 4.740957813253132827e+02 5.204908719686102359e+02 1.203140672316109772e+00 2.546263598504537651e+00 8.101194806440279450e+00 9.298928019962357183e+00 3.049970610914826352e+00 6.759833079031096759e+00 3.486325891279221878e+00 3.823777473188950671e-01 3.346984978424044077e-01 3.396398415236020485e-01 2.063394116955179214e-01 6.089452586906052376e-04 3.415134291460362737e-01 9.999390374617199706e-01 1.058241986042413885e+01
1.047914170548796342e+01 6.661648343778401227e+01 8.540247879163622713e+01 4.776916755765400779e+01 6.156577528462249660e+01 1.237403210865295904e+02 4.741065059924761727e+02 5.204915559121858450e+02 1.209435519900874167e+00 2.556495908159382324e+00 8.097148209186318724e+00 9.296070767921179367e+00 3.046322474533781577e+00 6.750226727969042884e+00 3.490390401298348433e+00 3.849775388473098414e-01 3.293235502812013604e-01 3.425371927686120532e-01 2.067152001070910183e-01 1.156560971063161141e-03 3.422706191521759922e-01 9.987106027161968269e-01 1.059008369592098475e+01
1.046056810148469829e+01 6.658309051891950503e+01 8.540463309060091035e+01 4.777696430296578711e+01 6.156970706401914128e+01 1.237352544063195978e+02 4.741079742107548896e+02 5.205001404767263011e+02 1.209502328579194597e+00 2.538837907026674223e+00 8.091187324033477068e+00 9.283444153771004181e+00 3.063299107010145850e+00 6.744089181427197488e+00 3.488502122606021771e+00 3.795221614886402639e-01 3.333248795326368974e-01 3.390629406185201589e-01 2.034375333698742461e-01 1.023558504019304958e-03 3.404767240925671290e-01 9.997799727098720668e-01 1.061751059380979356e+01
1.046048316335278194e+01 6.657289894446626022e+01 8.540632962884242829e+01 4.777906799027881135e+01 6.161324032040753451e+01 1.237315722870503691e+02 4.741089822754237844e+02 5.205121913471982680e+02 1.192709005837814029e+00 2.490045450216626044e+00 8.066252683219813591e+00 9.265748219491992899e+00 3.082273591170039850e+00 6.752590891613147406e+00 3.478639111392302752e+00 3.870181167376521847e-01 3.287539117112924236e-01 3.439424651716189718e-01 2.063548689717139006e-01 2.557881366385455525e-03 3.427924710597267666e-01 9.997494897229781685e-01 1.062045202972842617e+01
