1.051620246103257372e+01
6.629957257316608832e+01
8.530473899460146470e+01
4.776228847660119925e+01
6.173856538119344606e+01
1.237692595496596368e+02
7.844145438746648935e+00
9.254929449319993395e+00
3.218082181203110181e+00
6.770565101406929465e+00
3.657004824605761595e+00
3.572207218941638729e-01
3.056463787941271493e-01
2.991043442876375469e-01
1.945553157889809426e-01
6.676919690818125530e-02
4.741583916824118887e+02
4.637574378427972732e+01
1.000759547678480077e+00
2.067836124006293019e+00
3.050853073411985417e-01
2.481760997390318191e-01
1.068434020202824364e+01
