9.672286741203290461e+00
6.549839086811560662e+01
7.433854607941385950e+01
5.273871439308401676e+01
7.411525474095768118e+01
1.166870058472475904e+02
4.754688494507887526e+02
5.221615217386896575e+02
1.001534967059364067e+00
2.282171548135556005e+00
2.669361593995465132e+00
5.715730177600182316e+00
7.887895508774351860e-01
3.964182282634852061e+00
4.342711352868712460e+00
4.159716718420096715e-01
3.233370279788819746e-01
3.001631031543597894e-01
2.061711484315711107e-01
2.117107082758634684e-02
3.156569754519608084e-01
2.954753447804794320e-01
4.580093724964340751e+00
