ts0__FREE	ts1__FREE	ts2__FREE	ts3__FREE	ts4__FREE	ts5__FREE	theta0__FREE	theta1__FREE	y0__FREE	y1__FREE	lambda0__FREE	lambda1__FREE	lambda2__FREE	lambda3__FREE	lambda4__FREE	p0__FREE	p1__FREE	p2__FREE	p3__FREE	p4__FREE	beta__FREE	fD__FREE	r__FREE
3.394245162711162322e+01 2.872010435815152718e+01 8.373138896876920967e+01 8.485377898338069258e+01 5.396017725635541495e+00 1.594239847657253222e+02 4.940813424455253653e+02 5.242808040554459694e+02 1.379391530037494151e+00 2.251154702369202898e+00 2.272952471436707089e+00 9.412014659736120947e+00 9.357123943738463012e+00 1.219530188892658629e+00 8.644443937150182222e+00 5.264379693112067882e-01 6.627420152704718292e-01 4.335057992627416312e-01 4.098917122407066960e-01 1.740735034990834595e-01 1.081631711848517696e+00 9.997205441938646908e-01 3.131729556294614303e-02
3.393865405670341318e+01 2.870265015196801883e+01 8.372381031771369919e+01 8.484043293225261095e+01 5.424334323687178383e+00 1.594551434133249472e+02 4.940828512391571508e+02 5.242930113526221021e+02 1.395724501644449500e+00 2.231084680761835859e+00 2.221605975450093418e+00 9.415781621782436162e+00 9.369877525503284232e+00 1.212513479040770559e+00 8.672454209705350081e+00 5.376584357281852800e-01 6.682861893070423109e-01 3.664260373051951292e-01 4.154630175200385023e-01 1.644017724270436520e-01 1.121357322395330147e+00 9.991793427076335332e-01 2.986665745742247621e-02
3.393755028384659056e+01 2.865462567486809320e+01 8.370224039322657461e+01 8.484716788893366868e+01 5.480744795354282495e+00 1.594943752640315324e+02 4.941044453711512574e+02 5.242861238647680011e+02 1.378480645315736552e+00 2.177416447415655654e+00 2.159050801841257972e+00 9.409330320088193034e+00 9.417901875001255974e+00 1.240731121081585453e+00 8.715600137003489678e+00 5.617914673871953202e-01 6.895890718743743486e-01 3.166182037577691677e-01 4.211471544900647346e-01 1.526881047252327539e-01 1.227986863444650467e+00 9.911052973265228605e-01 3.231312511359578366e-02
3.392147020581592187e+01 2.863512446704669756e+01 8.367918691670600140e+01 8.483205324426710092e+01 5.537305126054724802e+00 1.594998388143633292e+02 4.941246038111694929e+02 5.243089587667698197e+02 1.393079213823005702e+00 2.146470711019944133e+00 2.067217247686503612e+00 9.414439067777266246e+00 9.426060069349126991e+00 1.260964695030441618e+00 8.790862881906654991e+00 5.845429044997620949e-01 6.848685057220194050e-01 2.098520205180766929e-01 4.114030941036631583e-01 1.307185265749965797e-01 1.327893924941868420e+00 9.991797318130439809e-01 3.350473746976762729e-02
3.389080896726534320e+01 2.862940253782503675e+01 8.371869090857363460e+01 8.483159134674114910e+01 5.585095230534249389e+00 1.594928215074599791e+02 4.941500126515185798e+02 5.242907876530483691e+02 1.384223280344211382e+00 2.131789660387080509e+00 2.049961762773150120e+00 9.389359446367073758e+00 9.454461327718904684e+00 1.284673703215437612e+00 8.765040786361760539e+00 5.910954962642501753e-01 6.899071232721025737e-01 2.058584430699440804e-01 4.290306225548586871e-01 1.878122107252176709e-01 1.358085957209966610e+00 9.939665000920163695e-01 3.230580847702742286e-02
3.385563485284653495e+01 2.859506751381127643e+01 8.367628399646551429e+01 8.481236513649645303e+01 5.631822257146533062e+00 1.595255274293408263e+02 4.941609497357924283e+02 5.242728336431259777e+02 1.401313450705069297e+00 2.100103479545919694e+00 2.008360388717838951e+00 9.431599772944782245e+00 9.484634202181643658e+00 1.287574909481603136e+00 8.790374670481797992e+00 6.121718751565974337e-01 6.959536904168270866e-01 1.174493249516252724e-01 4.318863416451698134e-01 1.917122307737114117e-01 1.469442448044621985e+00 9.981490658379266190e-01 3.605021819959582791e-02
3.383486493366385872e+01 2.855018054901220736e+01 8.366961907104570173e+01 8.479327149231836813e+01 5.714312112572913271e+00 1.595582596745919375e+02 4.941511578046370232e+02 5.242581938599355453e+02 1.396329191460244035e+00 2.043654718612608168e+00 1.909829552240825068e+00 9.445024480562008051e+00 9.529435827698819139e+00 1.270734665298807853e+00 8.815348496877629003e+00 6.324857576539133497e-01 7.083239063203158326e-01 2.292425162364643623e-02 4.523678043718480923e-01 2.053828322553772345e-01 1.584832194397312044e+00 9.989436671670649526e-01 3.499292168592319646e-02
3.381647535100926660e+01 2.853998250834179728e+01 8.364757166195151683e+01 8.478499703597202597e+01 5.722476476571385362e+00 1.595531378770945992e+02 4.941551331922146915e+02 5.242585020969378320e+02 1.397746496854896048e+00 2.064813734372323850e+00 1.891909312562350287e+00 9.461894429519571048e+00 9.569396411555183946e+00 1.267564363222812851e+00 8.810643586098978020e+00 6.382351992643631178e-01 7.144749424025488294e-01 1.777271448831492517e-02 4.701804864092625214e-01 2.597244076110244437e-01 1.619950034300638553e+00 9.994836615844325811e-01 3.651444382553303836e-02
3.378936121476384358e+01 2.851289382600132072e+01 8.361485252942506463e+01 8.477673258737546291e+01 5.782862821999326997e+00 1.595657699776880634e+02 4.941420308270523947e+02 5.242511371897115851e+02 1.407308905836441415e+00 2.020972512896403117e+00 1.823701875024807961e+00 9.502982290034470481e+00 9.585725233387146105e+00 1.270215982965479329e+00 8.827332782382319110e+00 6.492975384156721708e-01 7.243868242682044434e-01 9.514799455112056548e-05 4.942699880943905444e-01 2.927127495442359284e-01 1.689084742031331521e+00 9.997498431697917631e-01 3.737116853068636613e-02
3.378559917437488735e+01 2.849568973328883104e+01 8.363065158128645749e+01 8.476312595234674063e+01 5.818806937594823481e+00 1.595520349573804708e+02 4.941434406782905171e+02 5.242420312757515148e+02 1.413198426793731199e+00 2.009474650586157818e+00 1.768233714437020820e+00 9.511351890051658486e+00 9.574061274764472884e+00 1.268145833515824883e+00 8.829022808944609224e+00 6.543206705406375834e-01 7.228357775297524768e-01 9.644913660326871058e-03 4.987523391900987035e-01 3.217727295333062121e-01 1.716097350643867481e+00 9.985741694573985194e-01 3.698413054371368219e-02
3.379685591334740735e+01 2.845957974183362538e+01 8.360461119772644167e+01 8.474040689085798306e+01 5.850827638523603547e+00 1.595423647283288631e+02 4.941511448590948703e+02 5.242216873050364256e+02 1.396439626340003626e+00 1.994526795614052217e+00 1.693920603045300233e+00 9.507453087000133252e+00 9.604000741297188171e+00 1.279594884357456275e+00 8.844360380182930470e+00 6.620085406041534837e-01 7.353235091322687378e-01 4.574858948032093807e-04 5.303514572400329641e-01 3.558807366366448788e-01 1.758867320645902455e+00 9.963733998593683472e-01 4.382505200083597341e-02
3.377029992790919977e+01 2.842964130031064585e+01 8.358065421443519938e+01 8.473717288263577530e+01 5.884328310876474788e+00 1.595596435014822418e+02 4.941777315733357341e+02 5.242166475331381434e+02 1.386213063222405895e+00 1.964241783452962409e+00 1.635126105874286306e+00 9.525856008916345985e+00 9.623328751114138768e+00 1.280284316036511161e+00 8.828062706156721617e+00 6.734142115923869021e-01 7.427927775517215725e-01 1.261064832693345808e-02 5.536774204011504219e-01 4.153333533854021153e-01 1.841204617600727733e+00 9.983378490366262570e-01 4.293993350939790538e-02
3.374500505758094704e+01 2.837326276623053900e+01 8.354219699550178291e+01 8.469088998635234589e+01 5.987412917797273693e+00 1.595831660651472532e+02 4.941738002178813645e+02 5.242305851757303117e+02 1.398328667054081098e+00 1.925556589626787440e+00 1.537592434219762216e+00 9.555821530964305310e+00 9.663703090845300991e+00 1.303756641575783304e+00 8.864159697148432215e+00 6.879605630993033127e-01 7.607927322166345707e-01 7.189050509408434486e-03 5.944114338455144253e-01 4.921336897775237529e-01 1.947092590968123371e+00 9.976134023212385182e-01 4.794313744207749639e-02
3.368371728348870420e+01 2.830497804065188205e+01 8.352583261237687395e+01 8.465919261381540650e+01 6.059146081952264673e+00 1.595771265374477537e+02 4.941562605435354953e+02 5.241953801813471046e+02 1.399590485751220026e+00 1.880385597736015324e+00 1.414906173453280847e+00 9.593246692053583047e+00 9.734043039750265081e+00 1.305928067848153740e+00 8.868977563983635903e+00 7.018608876185782330e-01 7.870107206720837745e-01 7.909254464207687157e-03 6.465617672278844985e-01 5.636780746074706583e-01 2.049845310581869917e+00 9.985574209664662693e-01 4.781152573509427073e-02
3.366704454947846159e+01 2.828568572203143461e+01 8.348835931216939343e+01 8.464003179238747521e+01 6.111733455889380551e+00 1.595949069245920953e+02 4.941532442342297031e+02 5.241852861989259509e+02 1.388446709361266684e+00 1.859516366054247527e+00 1.354128826503480099e+00 9.600440641973579048e+00 9.770280973673507674e+00 1.295849814080640039e+00 8.868328690727114605e+00 7.097825579794624362e-01 7.928821411902619021e-01 2.395533985395123175e-02 6.472305862850389335e-01 5.675783393218049033e-01 2.112433052612084694e+00 9.990213253774484770e-01 5.238665517815695172e-02
3.365666605710440251e+01 2.824053418446835551e+01 8.348397660747009752e+01 8.463927594096841744e+01 6.123610537589184943e+00 1.595995684106354986e+02 4.941690674889214847e+02 5.241915254010235685e+02 1.398100387194534777e+00 1.826999312493826633e+00 1.288137737033907992e+00 9.619401350925368632e+00 9.796200054542453017e+00 1.316050166623359274e+00 8.889959709526563003e+00 7.170136887840496964e-01 8.010872806836377702e-01 1.611018823026268143e-02 6.606928675032768261e-01 5.666678965829017312e-01 2.167970436504953469e+00 9.964822000861675022e-01 4.614223739261581747e-02
3.364771681396713632e+01 2.823523008156559655e+01 8.347991666586543147e+01 8.464089097977365839e+01 6.105410909998330915e+00 1.596027748127229415e+02 4.941523159705599255e+02 5.241825228184604839e+02 1.383749363088101703e+00 1.830031639225683904e+00 1.283413554452704108e+00 9.621800682924373405e+00 9.794745186734266085e+00 1.291422752519157058e+00 8.863668316668272595e+00 7.158577546807084468e-01 7.953219196016307890e-01 3.159298851819688364e-02 6.578145908450093726e-01 5.575024430691936095e-01 2.152942427601901354e+00 9.954555329975697253e-01 4.967945961551480105e-02
3.360917954433382704e+01 2.820538583585201309e+01 8.345513153828572683e+01 8.463746633355859217e+01 6.177600932247326426e+00 1.596017830103753283e+02 4.941506698752480133e+02 5.241582929429392834e+02 1.379165324621646649e+00 1.795710401482516483e+00 1.167385368871041162e+00 9.657584161397304356e+00 9.835408432497489528e+00 1.284419180021322271e+00 8.861356633232317037e+00 7.283252357078567885e-01 8.054620021094730520e-01 2.619088061445716542e-02 6.727512409482950817e-01 6.087314273353396921e-01 2.247648232736911833e+00 9.977189052728563379e-01 5.313077442874687695e-02
3.362433805882331939e+01 2.820442752211006976e+01 8.345076734691734544e+01 8.463678255074994183e+01 6.169062480267929693e+00 1.595916692608608685e+02 4.941355713132635401e+02 5.241388979236608066e+02 1.357668966320253023e+00 1.807884365027695894e+00 1.142272030852464315e+00 9.655301162576098051e+00 9.840594022495405824e+00 1.278361248547287943e+00 8.830885432182293826e+00 7.295506240440075008e-01 8.090923009841164415e-01 1.171702322220014580e-01 6.835989658971658445e-01 6.186563590964265780e-01 2.239357552939935214e+00 9.965107397099728370e-01 5.938423645588737643e-02
3.356544728895956098e+01 2.811562426623447664e+01 8.340624732338675074e+01 8.458377921458287574e+01 6.248766056430720361e+00 1.595933836110540938e+02 4.941112541503570696e+02 5.241215951389066277e+02 1.357448656255095809e+00 1.733192317393719151e+00 9.524560956541265888e-01 9.691107656655542968e+00 9.904179025637695588e+00 1.264411824832453402e+00 8.827175455478041499e+00 7.512772885883112206e-01 8.366311699100185129e-01 1.687373103995607193e-01 7.271936257321175434e-01 6.614103081558000419e-01 2.376518245550651276e+00 9.982655175141910142e-01 6.090260752046099818e-02
3.353934028188344740e+01 2.804383741146586573e+01 8.337300346727330691e+01 8.456475246439183024e+01 6.320381632563855767e+00 1.596058828814407207e+02 4.941048360026609885e+02 5.240975717806458078e+02 1.349744059182717670e+00 1.671846155737937600e+00 8.056352107016614417e-01 9.716044600094768668e+00 9.937670515772952129e+00 1.271984941754907839e+00 8.839292633795572840e+00 7.690475366437907745e-01 8.441445873114440390e-01 2.107983565257110226e-01 7.450132786916910943e-01 7.001103253437261920e-01 2.483934310487182717e+00 9.986421143916990317e-01 6.655298377574681012e-02
3.349053354383669046e+01 2.796413797186049166e+01 8.332634654248279560e+01 8.453219794475559468e+01 6.388967994736520772e+00 1.596050794694754700e+02 4.940981356116206484e+02 5.240662953638280896e+02 1.330370846160595422e+00 1.628090891143737062e+00 6.049939399286798913e-01 9.749869850113737968e+00 9.998512728774144875e+00 1.259063672940244905e+00 8.810372947116452025e+00 7.977217734948265360e-01 8.658820984801074427e-01 3.390863567864380590e-01 7.844371062262730510e-01 7.486523562960124556e-01 2.588577168159360120e+00 9.955618431610560037e-01 9.489564844093865970e-02
3.347751939461112158e+01 2.793488177091910885e+01 8.331768737377656464e+01 8.452097155408641527e+01 6.381856522527606934e+00 1.596144679739020944e+02 4.940850342079537540e+02 5.240555601634622462e+02 1.318537826035341753e+00 1.612609048867205352e+00 5.238901530516042460e-01 9.757593494080470720e+00 9.998721214120948275e+00 1.250601646353543650e+00 8.810255994528244372e+00 8.083403613837638613e-01 8.537279712586642866e-01 4.235870429368044920e-01 7.734218012081359728e-01 7.162925558225125000e-01 2.614872364508919578e+00 9.987531789003477600e-01 9.904882441552308181e-02
3.343048084558418509e+01 2.785896368262934786e+01 8.327920930856627990e+01 8.450282933594324675e+01 6.445420446001214110e+00 1.596189905577809043e+02 4.940550269082044679e+02 5.240299100697299082e+02 1.302605351608927764e+00 1.532669040976152974e+00 3.152388974262911869e-01 9.787031898551211029e+00 9.998064768933629054e+00 1.259542805117863429e+00 8.814640786647217396e+00 8.534246226911870181e-01 8.614949809829514082e-01 5.134598704845780848e-01 7.857791406003530321e-01 7.273307454024940943e-01 2.723180685347259100e+00 9.998834378900959274e-01 1.338641222216888915e-01
3.340732278307451963e+01 2.782188472104810728e+01 8.326079697854817141e+01 8.448824665599022410e+01 6.441146873942720674e+00 1.596280734067646279e+02 4.940278493259941115e+02 5.239912984557362279e+02 1.259437880420201550e+00 1.517433086168999745e+00 1.981267770239483750e-01 9.807196198148190547e+00 9.988318938157229709e+00 1.266867120505998034e+00 8.781249170511893354e+00 8.936801224002621780e-01 8.590639573001781493e-01 6.872106163181860294e-01 8.008311676371323573e-01 7.527791678242861106e-01 2.732504854583662990e+00 9.831178487409852895e-01 1.936050825150517629e-01
3.340900877595989016e+01 2.782846653861118469e+01 8.326330174190044886e+01 8.448167203978535156e+01 6.402834111131852524e+00 1.596107303087520677e+02 4.940151891647308275e+02 5.239736387896094811e+02 1.238265274666836779e+00 1.543095649694501414e+00 1.748596490049702246e-01 9.803022008286841782e+00 9.947389233790710605e+00 1.240978832260906550e+00 8.732767532882627748e+00 9.013197714935323734e-01 8.423459439634722878e-01 8.322136709537657495e-01 7.871652346635006348e-01 7.302257696588612124e-01 2.675569792559676419e+00 9.916308967306043387e-01 2.215818004048197565e-01
3.339602043329330172e+01 2.782104071802336875e+01 8.325196490325774334e+01 8.447491546173803556e+01 6.411146732808400195e+00 1.596090106600162812e+02 4.940208729511481351e+02 5.239812313918170048e+02 1.230637646671213670e+00 1.531057361651644522e+00 1.431260770192175624e-01 9.813092522403694673e+00 9.952941431705518482e+00 1.243996970125592405e+00 8.740519784716536122e+00 9.210734273965418550e-01 8.422810032755166931e-01 8.578917445236388106e-01 7.982188258752254129e-01 7.336914752150095476e-01 2.702313867600171893e+00 9.986238762056212082e-01 2.611627955631199427e-01
3.340058331159037408e+01 2.781203679715151011e+01 8.325788789454544769e+01 8.447253224718485853e+01 6.383313829888652258e+00 1.596040776697087153e+02 4.940113435273732989e+02 5.239769539385345070e+02 1.226074037312560483e+00 1.528184402288211174e+00 1.497696819924954903e-01 9.813642649332173562e+00 9.948639559783137187e+00 1.241346924567644505e+00 8.722352118700309020e+00 9.238408942023358383e-01 8.437716769480496648e-01 9.290837741039520425e-01 8.082722387621673610e-01 7.417089323492174202e-01 2.676965498119414200e+00 9.990946780289918783e-01 2.773462162341276960e-01
3.340060480725280456e+01 2.781476903779952892e+01 8.325640886245025740e+01 8.446850559699841199e+01 6.363319563503484488e+00 1.595984624160276155e+02 4.940075723680209308e+02 5.239775044753835118e+02 1.218953871429250269e+00 1.529374909465985644e+00 1.497646535090495501e-01 9.819782326755813529e+00 9.926981279218917820e+00 1.231592707823769839e+00 8.697019527280279050e+00 9.312964589070040766e-01 8.444406100510356561e-01 9.862564321468442197e-01 8.195183811075744673e-01 7.531929815859117472e-01 2.652421725105457373e+00 9.868471496963560075e-01 2.892197607685918492e-01
3.338870673128915456e+01 2.781418507357396308e+01 8.325677980184288174e+01 8.447621673198585768e+01 6.365420845726819543e+00 1.596052301618041724e+02 4.940112959097290855e+02 5.239604883992127498e+02 1.219866832841308257e+00 1.527638890416296746e+00 1.338624906617832677e-01 9.822182737689924892e+00 9.922905940312128692e+00 1.237100665777083774e+00 8.702364649853711498e+00 9.392219286854041060e-01 8.325716911041325385e-01 9.937724278639081810e-01 8.142807781911197695e-01 7.638565986900872629e-01 2.668726732697586534e+00 9.979866511564773335e-01 3.082134703005682819e-01
3.337769687231977400e+01 2.781542721506978566e+01 8.326386041143571504e+01 8.446390610158093182e+01 6.367061707268268478e+00 1.596064356225589904e+02 4.940086141171618692e+02 5.239523554076668006e+02 1.219553108171995248e+00 1.532478886720131772e+00 1.362223215898837048e-01 9.818434333920377455e+00 9.910549329356157955e+00 1.246130437158483151e+00 8.688307563711997972e+00 9.394654611704364999e-01 8.347339391474762893e-01 9.966762292820530167e-01 8.195314895104507391e-01 7.743328782217596684e-01 2.667070606320604220e+00 9.965549392704912135e-01 3.391361578072469296e-01
3.338535568329821501e+01 2.780771005423294895e+01 8.326400127691550779e+01 8.445636471854889749e+01 6.375434916048583922e+00 1.596123045144367723e+02 4.940147889746032774e+02 5.239581211417996656e+02 1.217633758945595668e+00 1.528602517037666253e+00 1.328988776667041072e-01 9.810645836868422620e+00 9.903687989004250625e+00 1.245293143752880693e+00 8.686368943216933758e+00 9.406018989301920818e-01 8.349295159877225814e-01 9.827852665265209842e-01 8.159318402932150827e-01 7.704530635769627489e-01 2.684941390777640713e+00 9.937363751533507816e-01 3.543582731901818716e-01
3.339029663290585148e+01 2.781468018516524054e+01 8.326941726900545859e+01 8.445785164704535930e+01 6.367508221366466437e+00 1.596106113030209031e+02 4.940196579158663894e+02 5.239521761817492234e+02 1.217904352235616772e+00 1.534380993541208493e+00 1.329656589128929145e-01 9.804514898760240627e+00 9.896289193203189782e+00 1.249169876139530011e+00 8.681924033523545248e+00 9.416021435528973971e-01 8.326952762975414757e-01 9.968770507044568685e-01 8.177993169453081634e-01 7.724324280901117001e-01 2.671242208595164147e+00 9.894272257561338435e-01 3.632544105318094019e-01
3.338729939616794695e+01 2.781486758427876538e+01 8.326363442570766438e+01 8.445843183794036690e+01 6.378018162998581708e+00 1.596189794972321465e+02 4.940178074885717479e+02 5.239551838254297991e+02 1.208770413050825221e+00 1.534328196716387316e+00 1.330296326126233220e-01 9.816770750267494350e+00 9.899684993428747859e+00 1.251148376707109655e+00 8.700895636369358144e+00 9.431489777605551739e-01 8.347629331931839536e-01 9.790243402253215876e-01 8.206296965827156731e-01 7.749483171040343343e-01 2.685790697671138982e+00 9.869976064995258369e-01 3.776009231207458905e-01
3.339379002577684474e+01 2.782786413762622502e+01 8.326460809421897125e+01 8.445863962019356563e+01 6.368675947446723384e+00 1.596133338451710131e+02 4.940221072089743188e+02 5.239554892117764666e+02 1.207434124152175103e+00 1.537166093560445423e+00 1.364597535216560964e-01 9.817696138413129603e+00 9.891961173389930195e+00 1.251055248713997203e+00 8.698762498227052831e+00 9.403553579200897294e-01 8.371517301522920507e-01 9.930000736772396364e-01 8.214827020592168072e-01 7.703486232646254983e-01 2.669319212983126466e+00 9.800070041695050360e-01 3.895032625502197199e-01
3.340336649298470206e+01 2.782981526815309792e+01 8.326747840865715489e+01 8.446152001417317479e+01 6.380547032427084986e+00 1.596232833960313542e+02 4.940281627955191652e+02 5.239410886587128289e+02 1.205403297182714661e+00 1.543674883475010029e+00 1.442035636235791118e-01 9.822180800056781180e+00 9.895035712702323849e+00 1.249943168443691244e+00 8.693224171935581168e+00 9.348462961268666493e-01 8.415592581772016745e-01 9.736761456661268133e-01 8.222802851236152843e-01 7.746321718571745896e-01 2.683097501422075482e+00 9.932401811244142564e-01 4.092563590015786401e-01
3.340051400357599221e+01 2.782560334222178611e+01 8.325705968888941300e+01 8.445587964668030168e+01 6.381208324896502582e+00 1.596163573149589183e+02 4.940301981231456807e+02 5.239404540128093686e+02 1.205124325410120711e+00 1.540163470994924122e+00 1.371099507246325844e-01 9.823480498487860757e+00 9.899258481018131661e+00 1.250114016291504981e+00 8.695860725296803651e+00 9.383362686081295756e-01 8.384373854295740225e-01 9.838984560168134719e-01 8.196196396060280165e-01 7.752258019469707717e-01 2.682542585645147692e+00 9.951524977553322104e-01 4.133378367577761892e-01
3.340656634798379088e+01 2.783172678088170215e+01 8.325404467595521396e+01 8.445226716462848060e+01 6.378596547825518215e+00 1.596229477308772289e+02 4.940390639473338297e+02 5.239379166499838902e+02 1.211897082605540188e+00 1.547396365743497482e+00 1.328747758423732550e-01 9.820267028081033800e+00 9.888965685711010423e+00 1.261735585804970805e+00 8.695756447828221880e+00 9.432871619036210520e-01 8.340929953024156518e-01 9.885652314153119402e-01 8.205765061983648634e-01 7.829871279619672331e-01 2.678539074389336694e+00 9.933752537350610812e-01 4.418456894659531509e-01
3.340936653583232641e+01 2.783157279252726823e+01 8.326218797076313649e+01 8.445142430128275635e+01 6.379102922548099741e+00 1.596227664324494526e+02 4.940346024895669643e+02 5.239457845413318182e+02 1.205024323831666466e+00 1.558525585225248422e+00 1.360003965775263834e-01 9.812790512199772053e+00 9.879993267008575941e+00 1.261361205505067362e+00 8.696007296150174426e+00 9.415977187237403179e-01 8.352303427924480106e-01 9.950479864231892568e-01 8.208219833582188762e-01 7.700062164690097966e-01 2.667005333113499965e+00 9.905409753725012978e-01 4.550415814720336627e-01
3.340923450387889204e+01 2.782687332856476203e+01 8.325285630698448358e+01 8.445555340443354453e+01 6.379969581955755586e+00 1.596277322182632190e+02 4.940277835655858212e+02 5.239445274766494549e+02 1.202486467191794972e+00 1.559093733859563846e+00 1.426216375685267768e-01 9.811333474154318779e+00 9.878005573823443797e+00 1.261597306953751829e+00 8.701099077494887979e+00 9.350389434534557287e-01 8.408642356498112758e-01 9.926944955492752465e-01 8.190163616602488261e-01 7.738861867729991406e-01 2.661953624760325710e+00 9.879543255952909497e-01 4.573097848549879108e-01
3.341232346532481046e+01 2.782737463083742924e+01 8.324426175502975411e+01 8.445661545634798983e+01 6.387574055701843001e+00 1.596308094141896277e+02 4.940324272276058650e+02 5.239439924910254831e+02 1.192111058764719234e+00 1.564190812976402167e+00 1.467789611289018192e-01 9.809712211890815325e+00 9.878307005924217066e+00 1.262090821882035696e+00 8.704405611104249374e+00 9.343162174286506749e-01 8.435190273146182527e-01 9.796088544139088805e-01 8.208855589550140275e-01 7.738489107497873443e-01 2.662333094647079346e+00 9.904628998514205529e-01 4.671742030012264735e-01
3.341828061650714687e+01 2.783541747835512936e+01 8.324233807160250365e+01 8.445484122514137937e+01 6.386298724193538057e+00 1.596254239238460571e+02 4.940285537640668281e+02 5.239464607561462799e+02 1.196598809540030395e+00 1.571888120011478707e+00 1.449014190046417627e-01 9.815609239979968592e+00 9.871863368558267737e+00 1.264355339593169480e+00 8.713614327781245450e+00 9.352981150937439425e-01 8.424817838571918571e-01 9.599402649266353116e-01 8.221315530131648730e-01 7.727148028191086482e-01 2.668714642621104360e+00 9.836617587758803571e-01 4.848382649779231501e-01
3.342163267733707244e+01 2.784523510266063440e+01 8.322775474341402457e+01 8.445479959347191823e+01 6.383175617838063864e+00 1.596218787825345373e+02 4.940322231353579809e+02 5.239471198410461739e+02 1.193744094360648544e+00 1.569341788376348745e+00 1.423594211692090772e-01 9.812038137916381686e+00 9.867368196861569629e+00 1.267708758779595879e+00 8.708808880575359623e+00 9.362833894446369598e-01 8.411309292761089962e-01 9.654821303176538416e-01 8.218536163883581880e-01 7.791532025416778584e-01 2.666668437919244905e+00 9.850062372030256030e-01 5.048361957345356421e-01
3.342383373959832227e+01 2.784439993714124384e+01 8.323195198423208296e+01 8.445188609459850682e+01 6.389418702485838431e+00 1.596263105128981863e+02 4.940362048848438690e+02 5.239474531819413414e+02 1.187125278106267556e+00 1.572626392533290396e+00 1.437865546788967552e-01 9.812495285212413876e+00 9.867457417779849749e+00 1.274643213264116337e+00 8.710310401443857486e+00 9.352809797981422868e-01 8.437648202440503065e-01 9.516979901509730055e-01 8.229720755441697344e-01 7.828211284473318710e-01 2.670658727383139475e+00 9.890837389312681083e-01 5.116108331116751007e-01
3.342788775487245800e+01 2.783837307619648627e+01 8.322441625256438158e+01 8.445223185372967123e+01 6.389335860616707663e+00 1.596271462198614870e+02 4.940414600833455552e+02 5.239438136986556174e+02 1.185193391105261229e+00 1.572562521855823903e+00 1.428061209398954201e-01 9.820221185599729452e+00 9.872357098808528519e+00 1.289047090002531037e+00 8.703293834324824729e+00 9.373249464461373970e-01 8.396494235766948089e-01 9.747384436257748863e-01 8.235605268183143757e-01 7.926552849360977149e-01 2.669876613717620195e+00 9.851746839429910141e-01 5.362387423228111016e-01
3.342719603741242196e+01 2.783874660533565759e+01 8.322735597939913532e+01 8.445122781532768386e+01 6.381047337583719781e+00 1.596274638862848008e+02 4.940418949676221132e+02 5.239485541329300986e+02 1.186753057643064269e+00 1.572820100436912893e+00 1.443485797474754195e-01 9.815174372041655104e+00 9.859830934709416184e+00 1.287922933958986826e+00 8.702976162316414133e+00 9.345656516096294553e-01 8.422996475119136628e-01 9.764954003630578194e-01 8.220195603919412397e-01 7.816324462006211116e-01 2.664096289365801340e+00 9.810954758590223479e-01 5.356678300879950116e-01
3.343171042096388135e+01 2.783218031633229117e+01 8.322496824496710133e+01 8.444922582370352870e+01 6.384433642944232545e+00 1.596268597699956899e+02 4.940485564311358644e+02 5.239524836876802283e+02 1.181655746797447559e+00 1.566604882444024849e+00 1.413022980064665701e-01 9.823318110498947320e+00 9.864388742029367663e+00 1.280700495479469625e+00 8.702658715333569717e+00 9.355699914784804117e-01 8.384289869106543724e-01 9.629298478001298012e-01 8.214324211957005906e-01 7.797930997430114752e-01 2.665677630300050005e+00 9.871798557768910465e-01 5.511993887583305218e-01
3.342017064629861522e+01 2.783261932163750174e+01 8.322820290169252644e+01 8.445098274818688822e+01 6.380268875377490545e+00 1.596203197986904740e+02 4.940500476902114428e+02 5.239543880494088626e+02 1.169073827508680719e+00 1.569388026635919697e+00 1.456229258379471980e-01 9.820869401078963890e+00 9.854431361684962809e+00 1.278953792747541840e+00 8.687089573576976420e+00 9.346001092264030197e-01 8.390747163174786527e-01 9.956160665973758928e-01 8.223244897661102781e-01 7.959178085152810445e-01 2.656860199510305609e+00 9.882135484591203500e-01 5.724138969849995595e-01
3.341786060764225397e+01 2.782819931627578924e+01 8.323261936813348427e+01 8.445120262437765746e+01 6.386821458684097230e+00 1.596215338651170725e+02 4.940461594671005514e+02 5.239571987918711784e+02 1.168628298879768934e+00 1.567900763291478095e+00 1.415527753135916722e-01 9.821338229796582553e+00 9.858967463318915492e+00 1.277973938763810047e+00 8.689139789200142516e+00 9.373364456057980965e-01 8.378977395770882408e-01 9.899208534498584733e-01 8.224864858835416737e-01 7.991098970910486265e-01 2.659222750685599213e+00 9.882348492429944287e-01 5.658989339999948021e-01
3.342458839799580517e+01 2.782654329160403250e+01 8.322881096979557469e+01 8.444739214198287414e+01 6.375675312531869032e+00 1.596185936484359331e+02 4.940529883677340308e+02 5.239624496314021371e+02 1.153536905151564040e+00 1.567090283117127170e+00 1.380463570429967535e-01 9.818894004293643007e+00 9.851493707673359523e+00 1.275078076972480545e+00 8.698259351203404321e+00 9.413776036939421887e-01 8.368525600512736196e-01 9.905806484934667200e-01 8.247191061757980224e-01 7.874388856236338441e-01 2.668641971440710581e+00 9.983203937741823575e-01 5.888008064582770373e-01
3.401406876379498812e+01 2.875533815709956542e+01 8.377231229315651717e+01 8.500927080557150362e+01 5.516722069162971032e+00 1.594294917333286890e+02 4.941971154439692100e+02 5.241704075405385765e+02 1.167358382431291197e+00 2.331898115159761087e+00 2.356512098192169002e+00 9.323148307061991602e+00 9.336799451498086100e+00 1.238359722449368983e+00 8.514898476477728906e+00 5.471595433624383276e-01 6.767970598151995532e-01 6.629678475554945383e-01 4.463937747037785009e-01 2.301634885649383455e-01 1.148889386093295162e+00 9.971779668865408119e-01 3.047520755532363151e-02
3.398665932493738495e+01 2.875907268914145121e+01 8.377876893151901072e+01 8.501788431219350173e+01 5.521808697374845032e+00 1.594280240687043886e+02 4.941921987878085929e+02 5.241343071511167864e+02 1.136128245546048632e+00 2.299303373572339826e+00 2.381575773094668502e+00 9.314229490202389883e+00 9.324872287764076617e+00 1.270098352866947167e+00 8.494329541990037313e+00 5.628701481071184398e-01 6.878981591132672380e-01 6.325777582724686487e-01 4.626664521813582120e-01 2.470672541279957113e-01 1.214869422164844615e+00 9.993164345788727587e-01 2.948078419921444648e-02
3.395895559383653506e+01 2.874752045571968395e+01 8.376041011097836986e+01 8.499753391513054623e+01 5.525994446341781163e+00 1.594190984732634604e+02 4.941510613275800665e+02 5.240685346597437047e+02 1.052214529346733318e+00 2.261803248361829333e+00 2.353740473816633649e+00 9.297473575834409587e+00 9.329299864565760103e+00 1.338739906825562098e+00 8.451638093490947412e+00 5.889661121329269333e-01 7.104516037997676836e-01 5.916303721604747601e-01 4.897272878256674344e-01 2.915798374542155069e-01 1.338984903510680446e+00 9.991348386390128677e-01 3.272990922029899580e-02
3.389887189355190600e+01 2.874195591530904537e+01 8.371713439852594263e+01 8.495639103033319373e+01 5.530440008393234130e+00 1.594347770220583982e+02 4.941535138860388656e+02 5.240088288591281298e+02 9.126023658693181995e-01 2.232193612567545227e+00 2.345328378010841597e+00 9.310353344248865071e+00 9.312608178040886031e+00 1.437068740435393455e+00 8.371534819247051118e+00 6.153994131287172653e-01 7.270437933118285567e-01 5.409443810171189471e-01 5.155635845880957024e-01 3.478121364920765402e-01 1.484544362443295462e+00 9.984617079751652025e-01 3.411023393386455188e-02
3.380909552414129848e+01 2.873386351575539877e+01 8.372236971346585221e+01 8.493990758114139794e+01 5.551647129481248832e+00 1.594354615429702733e+02 4.941173586614335136e+02 5.238783717319568041e+02 7.474526307399713687e-01 2.143873255722712035e+00 2.320916504403766289e+00 9.306585180471016017e+00 9.286607813701367675e+00 1.626481934826792930e+00 8.232226382500645201e+00 6.583112363573173642e-01 7.608876432970684833e-01 4.214035787175268721e-01 5.731153444086997117e-01 4.536539923143187436e-01 1.770169292963856833e+00 9.987971437984025647e-01 3.450350794540924665e-02
3.369882423660125426e+01 2.870975093542376300e+01 8.367312983680494654e+01 8.486589318715027730e+01 5.589441889747021719e+00 1.594262081120800190e+02 4.940625762066687230e+02 5.236768130157144014e+02 4.991437510919336518e-01 2.028538330739511064e+00 2.274465423114571561e+00 9.305447270647281499e+00 9.241749728491461369e+00 1.870208197614321666e+00 8.045538699143929051e+00 7.028471505971265465e-01 7.961704369360419475e-01 3.107973350400497492e-01 6.438829318658048084e-01 5.747612517185595182e-01 2.154062336996385163e+00 9.989356439370520313e-01 4.350547266843876604e-02
3.359124404157218180e+01 2.870853748167338537e+01 8.365354150113405751e+01 8.481503636899370235e+01 5.610419670914703616e+00 1.593999351336307484e+02 4.940303437031290059e+02 5.235655716096024435e+02 3.305882554650244054e-01 1.947194087209510149e+00 2.238301340593385369e+00 9.286487962084787995e+00 9.218756523384348256e+00 2.039168248340506473e+00 7.906783088631208933e+00 7.277019850379605748e-01 8.222237514837218431e-01 2.149384574843488105e-01 6.909051930925341756e-01 6.585316977944076777e-01 2.421434725152926237e+00 9.996954058009355215e-01 4.213359949143609395e-02
3.362570271470977445e+01 2.872512969439132391e+01 8.366690537198344657e+01 8.480406072735543432e+01 5.588589813735023171e+00 1.593941082835048633e+02 4.940407054612196021e+02 5.235665257069429117e+02 3.524578406635543448e-01 1.955577955624420161e+00 2.238195829513464297e+00 9.306373085061872885e+00 9.216754984116567684e+00 1.982037358552690698e+00 7.933837222639398945e+00 7.227345866423563470e-01 8.158032149705035652e-01 2.266479679928507240e-01 6.770964381399902088e-01 6.294594430310058719e-01 2.366542708187105326e+00 9.938771725955671821e-01 4.321934474450140479e-02
3.357838892697591859e+01 2.873631192335445661e+01 8.364079814318257888e+01 8.480016354903354170e+01 5.584832912875543620e+00 1.594081259596115956e+02 4.940215358016203595e+02 5.235216265547300054e+02 2.771381401008877754e-01 1.928205577048221597e+00 2.228888821203064197e+00 9.307726621657039345e+00 9.204515128229562748e+00 2.044763037688695384e+00 7.896867270138617556e+00 7.324094240173085746e-01 8.208926060305457018e-01 1.871485821133327954e-01 6.892460067910969324e-01 6.526355076054654036e-01 2.477949639682714977e+00 9.989322748656356277e-01 4.408503971002884769e-02
3.354662491586903883e+01 2.873139141213912851e+01 8.364146649551025803e+01 8.479801601148147938e+01 5.574592143352482765e+00 1.594186318993934037e+02 4.940242350274002092e+02 5.235256209370149918e+02 2.735696650138358943e-01 1.912901131791413967e+00 2.231511147270889950e+00 9.319119942548766744e+00 9.218969987661305154e+00 2.057758496557904770e+00 7.870222337017719560e+00 7.334686760881106160e-01 8.169655774783700641e-01 1.836341736067873542e-01 6.810590949602647326e-01 6.462378086978682878e-01 2.497376862465989777e+00 9.995919747127676169e-01 4.107927481463696101e-02
3.352921909640562603e+01 2.873580612548319380e+01 8.365313945956512498e+01 8.476418121531004601e+01 5.582150972358997265e+00 1.594163146596608271e+02 4.940170993385066254e+02 5.234818997301764512e+02 2.235062695648507847e-01 1.902724342467147167e+00 2.209242399490898734e+00 9.310298750188970018e+00 9.228979980894543189e+00 2.100531996751011210e+00 7.820270530969469114e+00 7.412396643428326160e-01 8.223239956838103160e-01 1.506000065950929834e-01 6.938551147968300414e-01 6.590359741096293300e-01 2.589009555077447899e+00 9.952639858852361243e-01 4.472790739247047703e-02
3.351925736416524870e+01 2.875035914319834518e+01 8.364713901455182565e+01 8.475717770035066678e+01 5.591183406623494889e+00 1.594267803659323022e+02 4.939957618876381389e+02 5.234597879168489953e+02 1.963819887099221839e-01 1.906231938084862687e+00 2.200343824768397738e+00 9.297621168058483931e+00 9.221130515116668036e+00 2.143255719529243652e+00 7.794538695606340717e+00 7.449051396904917688e-01 8.221102534785789118e-01 1.685505605537520601e-01 6.929285795813024951e-01 6.676902467674858954e-01 2.638443669383798706e+00 9.990507253920446473e-01 4.508946214703823951e-02
3.350459188293893220e+01 2.875051988820669280e+01 8.364053618642154220e+01 8.476639759554872455e+01 5.586961357407098205e+00 1.594266299553591182e+02 4.940189109189457213e+02 5.234767895468968391e+02 2.138921037259676750e-01 1.886352370232871500e+00 2.199849947340208445e+00 9.292819579002335573e+00 9.216136857696920259e+00 2.090373200891719296e+00 7.815474697045806884e+00 7.437885623452916706e-01 8.286106404819356674e-01 1.692056549879867866e-01 6.933725625655797753e-01 6.479521142572363113e-01 2.630424547580236361e+00 9.986343257243461835e-01 4.146308396599911184e-02
3.346578581474588532e+01 2.875408847387936007e+01 8.362961298054628401e+01 8.479013514301665566e+01 5.592701872754260783e+00 1.594197949426556988e+02 4.940137616371421245e+02 5.234780510909099576e+02 2.126236143933472877e-01 1.884072598583310443e+00 2.191372502614298945e+00 9.272669903365153843e+00 9.204658321499158191e+00 2.107643137702779335e+00 7.819709596286113396e+00 7.456346370254077760e-01 8.280043090248052629e-01 1.756271763625195104e-01 6.923033088419764391e-01 6.532182417495896454e-01 2.651968265897389987e+00 9.978650061842592178e-01 4.708607592063474706e-02
3.348624432950513352e+01 2.874432981726837610e+01 8.365366948973014871e+01 8.478895978347163975e+01 5.597758226844940843e+00 1.594300428778875869e+02 4.940256209232322817e+02 5.234809892859771026e+02 2.458136766521389349e-01 1.909285058380606914e+00 2.188598642898535562e+00 9.287589472563809068e+00 9.217837559659901814e+00 2.093345792970512154e+00 7.840067130719917010e+00 7.428432061902415784e-01 8.331976469923041417e-01 1.865457134863308664e-01 7.071393866411411766e-01 6.556909882794162980e-01 2.612899148577409569e+00 9.971952892983441119e-01 4.701113947892578832e-02
3.345775737560114038e+01 2.874701759609061114e+01 8.363391105104146561e+01 8.475893589596405775e+01 5.606904361632877531e+00 1.594247904808661360e+02 4.940290701886854094e+02 5.234472310337934005e+02 2.110152713582191530e-01 1.897520356516650519e+00 2.192901644285464080e+00 9.290199994476177281e+00 9.220525003056621927e+00 2.127237672451117056e+00 7.791137214491496543e+00 7.488350058614235971e-01 8.335223838983333300e-01 1.727870097193092425e-01 7.046015945129894265e-01 6.613720764304069633e-01 2.694854577321228462e+00 9.963714028935379829e-01 4.724113238236295198e-02
3.343937828803893808e+01 2.872980218706650035e+01 8.361189473335356581e+01 8.476004630954074059e+01 5.594382367195136041e+00 1.594295626573619415e+02 4.940064646435291706e+02 5.234496598661030475e+02 1.876478735460704872e-01 1.891020724980077894e+00 2.182860291914769491e+00 9.276899563869635656e+00 9.206403907620750005e+00 2.145853787381037048e+00 7.778635773419053656e+00 7.513033060576151945e-01 8.327177564326028181e-01 1.769075155151186018e-01 7.024745799063942808e-01 6.707888603308612696e-01 2.729560512763535396e+00 9.948091081117909074e-01 4.263661740432717062e-02
3.344688243374300640e+01 2.871814590868973482e+01 8.360737571066511009e+01 8.475591169858114426e+01 5.596068515593134229e+00 1.594291162347562647e+02 4.940200510095299933e+02 5.234365502413227205e+02 1.598172834425913569e-01 1.868643590999300219e+00 2.184307226303246807e+00 9.284826009472780584e+00 9.226660388177153393e+00 2.161763175372631629e+00 7.778011725285829847e+00 7.535988547299787843e-01 8.357481293685812274e-01 1.861001930237117796e-01 7.093538891063145835e-01 6.757383045454552484e-01 2.763003891919144195e+00 9.989619376696010633e-01 4.704688825804506647e-02
3.346605698442682097e+01 2.872229813719637548e+01 8.362394937007198337e+01 8.476700719665259953e+01 5.593643933649815381e+00 1.594324028443398902e+02 4.940262059203856211e+02 5.234554744109526609e+02 1.816879213271304083e-01 1.873551579626976604e+00 2.184636626447764129e+00 9.277402319124751884e+00 9.218484385138481230e+00 2.143245059087341975e+00 7.788598820056929384e+00 7.523381540000475542e-01 8.306199517197135895e-01 2.237102393839864867e-01 6.911544728545385707e-01 6.365528238340442124e-01 2.748762957822302511e+00 9.976958376958947605e-01 4.463103419270631617e-02
3.345589244183259581e+01 2.872908164872777803e+01 8.361513661410278075e+01 8.477439833662239721e+01 5.601547911994843254e+00 1.594332768250472441e+02 4.940247406183798944e+02 5.234594702642501716e+02 1.825371586079458930e-01 1.863604632787354110e+00 2.177442646135181459e+00 9.285172310115891392e+00 9.222796032956400936e+00 2.148316862395592164e+00 7.800195834462226863e+00 7.517807487186274340e-01 8.248111141900273946e-01 2.411878668347885168e-01 6.851808415388427331e-01 6.473752696932568718e-01 2.739424055198889985e+00 9.996463825237916767e-01 4.476997326152366841e-02
3.340210782041027926e+01 2.874238747220891099e+01 8.362619382657052824e+01 8.476340463238601330e+01 5.602228483924553082e+00 1.594554746387325679e+02 4.940232874933716403e+02 5.233911123949443436e+02 1.163126577911400006e-01 1.844912166401021070e+00 2.158228720615460894e+00 9.264572488995344912e+00 9.216815068982111114e+00 2.214612765062701882e+00 7.741213519864584391e+00 7.598648563264028821e-01 8.336150594785485257e-01 1.964126302837691795e-01 6.999760647069914743e-01 6.583647936984263760e-01 2.856324005839640634e+00 9.923004575688251228e-01 4.563384574717200409e-02
3.340766804102052845e+01 2.874191318617604907e+01 8.362533649646492506e+01 8.476270659221486881e+01 5.597743467408951901e+00 1.594587246432665779e+02 4.940108845292216415e+02 5.233956379987477021e+02 1.170674537672282411e-01 1.856359913751431057e+00 2.158593099689341432e+00 9.271397983212040117e+00 9.216073291775426668e+00 2.176264200488483791e+00 7.753145170704511813e+00 7.581180351486157543e-01 8.323678404304022393e-01 2.190347641916487731e-01 7.024112321372097956e-01 6.729229929422352319e-01 2.829568359026258584e+00 9.918580205671215788e-01 4.483842563596084768e-02
3.341152922880831255e+01 2.872918481863557005e+01 8.363536124510177672e+01 8.474184586713344913e+01 5.610683483952265682e+00 1.594438448199134086e+02 4.940409073241560236e+02 5.233789300169257785e+02 1.573523725951742336e-01 1.863732042409475209e+00 2.153795911887802728e+00 9.258163181366478867e+00 9.233683351814217843e+00 2.150706428920263313e+00 7.793541853336551917e+00 7.562219303750558064e-01 8.304529406147335147e-01 2.349749400463655158e-01 7.009198945899788313e-01 6.613358875532635572e-01 2.788568770751164827e+00 9.986547993120744593e-01 4.707575352624335241e-02
3.336211250780521453e+01 2.872668676453317005e+01 8.362400899587007075e+01 8.472712687449843827e+01 5.596711002258826007e+00 1.594477577107908530e+02 4.940359194166633756e+02 5.233580561722667426e+02 1.245398118190504388e-01 1.858254229855101025e+00 2.124955957313302779e+00 9.261846195662000625e+00 9.246015043672972666e+00 2.188357110526895966e+00 7.765585900777751682e+00 7.612829248846850749e-01 8.328993828956289258e-01 2.302471781093274883e-01 7.023881581760677006e-01 6.684647898199810312e-01 2.865011242655484569e+00 9.948758406802735710e-01 5.116748428376673846e-02
3.336515535971999213e+01 2.871760824294749881e+01 8.362098764006293550e+01 8.474082515033181551e+01 5.597972327219747690e+00 1.594505331535053756e+02 4.940269410543573940e+02 5.233730740369702517e+02 1.259178478748277374e-01 1.847518904556627817e+00 2.118983824613813294e+00 9.253230891189357266e+00 9.233980710527017521e+00 2.194899981546724721e+00 7.781278187651913036e+00 7.614140626614233076e-01 8.342434675649811338e-01 2.560909155202896192e-01 7.077295287722616957e-01 6.838666737644788496e-01 2.855949631301529568e+00 9.998711750380966379e-01 4.659530606487417848e-02
3.337034469310382434e+01 2.872494235675390328e+01 8.362433030240849519e+01 8.473803058144491729e+01 5.601163884063645071e+00 1.594554596948636060e+02 4.940414810979954723e+02 5.234085119825643915e+02 1.545706375378612385e-01 1.856118715681680076e+00 2.116794940448895268e+00 9.251898336102922116e+00 9.256322243564488517e+00 2.157271976253798851e+00 7.804262396856317174e+00 7.583092578660092231e-01 8.311258640916202589e-01 2.952465177818791031e-01 7.046363374481007247e-01 6.658127261901192195e-01 2.803113887685845906e+00 9.980328116643606418e-01 4.472677593238298666e-02
3.333439609383961511e+01 2.871781054246418208e+01 8.363410312227730969e+01 8.473385096336497213e+01 5.588223095567707688e+00 1.594618542291752306e+02 4.940266086703611563e+02 5.233657658451339785e+02 1.117410651950792311e-01 1.822996110218863652e+00 2.111570375092505003e+00 9.239589360471706314e+00 9.246041387232651232e+00 2.198557334332804203e+00 7.767607457310010233e+00 7.624624260559742517e-01 8.388978416530690208e-01 2.802624075484599353e-01 7.069438282425873910e-01 6.760590335078989765e-01 2.878987102906121365e+00 9.989871363060131015e-01 5.151614052243554814e-02
3.330694800170972769e+01 2.870038093556702563e+01 8.363209405484852255e+01 8.474402402156397329e+01 5.587357172570266428e+00 1.594546074374896989e+02 4.940094888101819492e+02 5.233537734437028348e+02 1.031333808919918660e-01 1.798103194575495944e+00 2.107242756202123424e+00 9.231342835979356565e+00 9.258476660046758511e+00 2.198233934517464849e+00 7.759724009796160615e+00 7.638356901257413734e-01 8.401068579367180211e-01 2.832335241503690648e-01 7.055175777885261956e-01 6.744572791506395770e-01 2.910684355226413889e+00 9.985871681267846078e-01 4.448403318012478236e-02
3.328613252559962632e+01 2.870429574357149605e+01 8.362151009469042151e+01 8.474670766666827149e+01 5.572377801117191609e+00 1.594445552826460073e+02 4.940150454134910092e+02 5.233442542939682198e+02 9.826883431591072748e-02 1.776506567100904377e+00 2.097246937604774875e+00 9.213280106880487708e+00 9.267741407737192461e+00 2.207184311867513404e+00 7.750179944312475477e+00 7.664438205229312517e-01 8.385893962196856455e-01 2.906711371220625506e-01 7.044380053121152008e-01 6.738675260930410138e-01 2.943956158901654963e+00 9.984316927625229710e-01 4.961296005618297950e-02
3.328910997474426381e+01 2.872391498329292148e+01 8.362583412034445018e+01 8.473406999394582328e+01 5.577607405727400547e+00 1.594504830229158188e+02 4.940250279487327703e+02 5.233485611686141965e+02 1.194184769953440250e-01 1.795250552180555736e+00 2.081223203482564177e+00 9.207294782688874690e+00 9.280177282469086464e+00 2.203262168883274530e+00 7.785990019583246102e+00 7.662600749626292673e-01 8.373297963899983820e-01 3.329034947343223472e-01 7.033789967113023289e-01 6.628436132174492235e-01 2.929259223084912378e+00 9.990019769886648859e-01 4.615083210844420081e-02
3.322290503523875316e+01 2.870539634973824406e+01 8.362613048326691967e+01 8.471722234986036426e+01 5.578250462022118050e+00 1.594597548625112324e+02 4.940106891660200290e+02 5.232821764206497619e+02 5.458589042668836322e-02 1.759294050464978998e+00 2.055058282097013578e+00 9.189041791682699412e+00 9.298021007964450746e+00 2.255475870610408773e+00 7.744146379668324087e+00 7.743360489660094936e-01 8.419571252654267646e-01 3.402491556596503042e-01 7.100287498605202252e-01 6.864157220043676233e-01 3.061883872242590066e+00 9.995051406725685705e-01 5.532286754193234402e-02
3.319662446796474597e+01 2.869980244817716653e+01 8.361252004196779808e+01 8.471062864520602886e+01 5.559759668458625015e+00 1.594721821137378015e+02 4.940218339230800098e+02 5.232853320147108889e+02 4.798826729894554999e-02 1.751176326646447734e+00 2.040447086863302228e+00 9.172970319050449461e+00 9.302649912685010847e+00 2.282628208762911282e+00 7.719791742245967647e+00 7.757093893046497213e-01 8.427159405096631417e-01 3.639602043509710394e-01 7.130332026192542916e-01 6.895828685874103581e-01 3.075812502312548435e+00 9.963880838929666250e-01 4.984184377697735424e-02
3.320898910023768735e+01 2.868565846344851167e+01 8.362512704583721757e+01 8.471022328348618657e+01 5.561989385203780500e+00 1.594961732230887321e+02 4.940266702114931263e+02 5.232974934542811525e+02 8.412466712335754659e-02 1.767810916373147245e+00 2.030070459364206492e+00 9.158206410823156673e+00 9.320445336950275106e+00 2.245783342077090960e+00 7.750544767806165858e+00 7.734977532087706775e-01 8.426216801066923612e-01 3.889292187164580805e-01 7.113746392957867037e-01 6.798175982259043737e-01 3.037636908836743643e+00 9.985575976878606763e-01 5.251879001880811748e-02
3.317666658686875536e+01 2.868455947151710461e+01 8.363486909662584878e+01 8.468943195115906519e+01 5.571064988869257384e+00 1.595063698057942929e+02 4.939957081764903251e+02 5.232678108340721792e+02 6.778647230767208265e-02 1.758271173028985501e+00 2.011217298249677654e+00 9.158006714113389179e+00 9.319707078308290704e+00 2.265570391083381097e+00 7.739644256243694898e+00 7.765917423153564370e-01 8.440057845273162274e-01 4.018612418075753756e-01 7.154991658355369655e-01 6.991799533073620454e-01 3.085577332397580808e+00 9.971316200574462663e-01 5.419921041747668283e-02
3.313902817827531067e+01 2.868887235344283937e+01 8.362638791085826995e+01 8.468214926088455741e+01 5.570313866535697933e+00 1.595053998178033225e+02 4.939993350800125427e+02 5.232245736247382411e+02 2.762349166848130158e-02 1.719838819784892614e+00 1.970189190723456774e+00 9.130929432903503340e+00 9.328094775154761820e+00 2.319353954267130646e+00 7.707248263630850360e+00 7.825041717322867019e-01 8.446358284323963739e-01 4.142909604119295874e-01 7.263333838736314441e-01 7.222275545972675070e-01 3.160394793506591249e+00 9.977731572963041140e-01 5.339326350763982931e-02
3.312525569287583949e+01 2.867133359084059663e+01 8.361626343528354255e+01 8.470358545707034637e+01 5.548746398247397238e+00 1.595142727896520114e+02 4.940048460580277379e+02 5.232179161086905879e+02 4.049805763379390328e-02 1.714071024939636256e+00 1.970941191587089136e+00 9.136430320368594593e+00 9.332205850465815189e+00 2.328225394983879148e+00 7.708337692743568503e+00 7.828105771356788090e-01 8.489725003616154231e-01 4.166627807747185219e-01 7.327638676687682207e-01 7.347140822327284937e-01 3.178412427290429054e+00 9.980509450181198616e-01 5.358866803320154470e-02
3.306135849426961926e+01 2.866875926638853755e+01 8.361944424705031054e+01 8.470257402032038385e+01 5.545758651762478841e+00 1.595433035918580345e+02 4.940097509163224458e+02 5.231917325976545499e+02 4.701474885355313993e-02 1.695236639455849792e+00 1.909378026406700180e+00 9.118213942832985808e+00 9.361688328616624588e+00 2.310576699146624335e+00 7.724540291349149435e+00 7.875948329750435128e-01 8.476622819148880161e-01 4.986330793968552499e-01 7.245501533496352398e-01 7.198257437933330838e-01 3.243191935500627121e+00 9.995260322734650371e-01 5.799414788864727666e-02
3.306147879944371226e+01 2.865792311582567109e+01 8.363592785587410106e+01 8.469668748745883136e+01 5.547440834754040928e+00 1.595398063900643990e+02 4.939879947622230816e+02 5.231916639890334864e+02 6.983415711502932721e-02 1.698074296896169511e+00 1.911070194359001162e+00 9.113695241511438283e+00 9.378591688198966381e+00 2.310895961144845412e+00 7.720985411859272673e+00 7.879555169343370746e-01 8.510539251627164958e-01 5.039646783677532715e-01 7.277988511636558355e-01 7.209144156697627759e-01 3.257473432074911468e+00 9.984813121677250658e-01 5.331729281352189792e-02
3.299156494627096237e+01 2.865051880222069158e+01 8.363122746882254432e+01 8.468408683826005756e+01 5.553622732708213050e+00 1.595657596132096216e+02 4.939927971926630335e+02 5.231600537898984840e+02 4.032395936909745349e-02 1.659230333963441106e+00 1.871648208198389840e+00 9.078040489630925691e+00 9.394780976989384413e+00 2.340501492800986405e+00 7.689529288260934514e+00 7.938814103348161844e-01 8.602549653917412886e-01 5.231137103037458713e-01 7.413969604126924295e-01 7.248331334121489444e-01 3.354203765710118468e+00 9.953346174079438224e-01 5.387483432609839473e-02
3.298907506157698322e+01 2.863617628346176147e+01 8.363337749550973399e+01 8.468837234781659618e+01 5.557188691922392287e+00 1.595630804919338175e+02 4.939829549608342631e+02 5.231538933877010322e+02 4.860016465001864433e-02 1.658310069622134231e+00 1.865409895888091807e+00 9.074198584157539216e+00 9.399812664149825636e+00 2.317780451882228920e+00 7.702303948045931214e+00 7.937710096142981397e-01 8.583523284018882427e-01 5.420553282170832432e-01 7.374039130824441290e-01 7.199522846807017151e-01 3.344432587851717820e+00 9.979916046352623749e-01 5.550720774031901034e-02
3.293391259321947473e+01 2.862782248448064948e+01 8.362490046259839005e+01 8.469310934994430795e+01 5.544142927057161607e+00 1.595777113049462912e+02 4.939844565863751313e+02 5.231309602149190141e+02 3.854186395801138809e-02 1.636791363503584007e+00 1.831236526080612270e+00 9.051895406907970454e+00 9.406498977004233097e+00 2.331261895030876552e+00 7.688846937982012797e+00 7.974171787250525778e-01 8.538371389918898435e-01 5.661366468075387237e-01 7.332683903857978303e-01 7.270233618964666578e-01 3.401964908774486318e+00 9.994533640471694458e-01 5.319013511963154722e-02
3.292486019024408250e+01 2.863269114976820262e+01 8.362231420290373762e+01 8.468732474795896792e+01 5.542229007024890741e+00 1.595699488535359478e+02 4.939758368120429282e+02 5.231256335717471302e+02 5.498127025614502061e-02 1.632502651111797709e+00 1.829521378807467125e+00 9.052446906193027942e+00 9.410795690511845280e+00 2.334250124273714366e+00 7.695878660247844394e+00 7.966454882860164455e-01 8.514968316840042517e-01 5.654678529399482789e-01 7.266903411383422995e-01 7.120754228009564812e-01 3.391804492302469054e+00 9.995439510998290755e-01 5.675463802410957853e-02
3.288255668521959763e+01 2.861871217885544993e+01 8.361606778194223466e+01 8.468588776510466687e+01 5.531324071885686422e+00 1.595862465915343478e+02 4.939674275735993660e+02 5.231049462694099930e+02 5.901146395958251079e-02 1.611604571613469039e+00 1.792125121202645444e+00 9.020285925960916273e+00 9.420126605796994568e+00 2.356109912175007537e+00 7.696161618780114289e+00 7.997443600513760575e-01 8.610860506063163777e-01 5.858936686152781403e-01 7.400474794670602874e-01 7.147075018631611210e-01 3.438910068700766764e+00 9.965254320412133549e-01 5.973535934102591760e-02
3.279555912877651735e+01 2.859906630445023268e+01 8.361356569943136208e+01 8.468227935841416354e+01 5.505713735143339171e+00 1.596257416937618814e+02 4.939688045937100469e+02 5.230539867271556886e+02 4.220830351856739993e-02 1.560798753248986870e+00 1.727980959659888960e+00 8.989399560528637423e+00 9.459697176841054045e+00 2.384816048828884760e+00 7.671536637376339840e+00 8.065868936980180592e-01 8.610450274395301529e-01 6.543850146109430055e-01 7.407374876523381557e-01 7.297801293977967951e-01 3.558836492101050908e+00 9.996355857108145671e-01 5.367032206327335131e-02
3.272165207916206953e+01 2.859026201070213347e+01 8.362372643698064678e+01 8.468177206840768179e+01 5.483791441031170777e+00 1.596394389122580719e+02 4.939650858718363224e+02 5.230117928242906373e+02 5.036631579296665245e-02 1.539570178798108646e+00 1.683214170524180542e+00 8.941187262122447521e+00 9.500532917991138859e+00 2.393457429006060622e+00 7.672950868482717013e+00 8.119479024716864668e-01 8.670435886785726742e-01 7.158722835829985920e-01 7.500252542081167206e-01 7.222646220600050793e-01 3.637579431108808770e+00 9.977736343271151886e-01 5.726876575956718618e-02
3.264198425057592345e+01 2.856223415259006160e+01 8.362638596502520727e+01 8.466752375605203440e+01 5.478362190219870698e+00 1.596550638099731145e+02 4.939489301111091208e+02 5.229534644415723506e+02 2.998543444137109770e-02 1.498372617848529931e+00 1.628754542731842836e+00 8.920175345002860468e+00 9.507955399046910117e+00 2.433383491439974122e+00 7.650856708813916107e+00 8.170229831863652370e-01 8.673493607410026618e-01 7.462651787602880837e-01 7.514326738176249076e-01 7.451842869873548381e-01 3.730924823015962399e+00 9.955251763552243061e-01 6.767116622073772458e-02
3.251436792502376250e+01 2.853039310341937096e+01 8.361842668112340959e+01 8.466737549954916631e+01 5.458941323974488391e+00 1.596920945993888949e+02 4.939444625158420195e+02 5.228976377346104982e+02 4.169998590437189179e-02 1.441980098276038236e+00 1.523463908997529481e+00 8.847350381277097497e+00 9.578722746210548422e+00 2.451278078137103300e+00 7.648377826409720193e+00 8.254384464223558648e-01 8.746458929479428157e-01 8.382446542319302862e-01 7.627763984136364250e-01 7.595645768597335534e-01 3.884455563291324243e+00 9.977657364678765850e-01 6.223324716657165079e-02
3.246591211259969612e+01 2.850569429508377084e+01 8.362097848263951505e+01 8.465827616879013817e+01 5.449381556685244377e+00 1.597071347128658090e+02 4.939325985266345356e+02 5.228564227297159732e+02 3.390414684839806320e-02 1.401853869181655332e+00 1.467690769318388266e+00 8.835855664138444254e+00 9.608554910555650252e+00 2.471417510782133675e+00 7.635867770746329164e+00 8.306464351413459513e-01 8.821287097787422482e-01 8.703862149635700485e-01 7.785396537446982457e-01 7.799043025348733060e-01 3.970654187871014429e+00 9.975124191109533411e-01 6.293066692089133163e-02
3.237036318955149028e+01 2.848632778721735903e+01 8.361785112766796146e+01 8.463949943206807802e+01 5.427597155087076075e+00 1.597147251225542846e+02 4.939306311301016876e+02 5.227970337258987001e+02 3.097008998387240294e-02 1.338434991605594870e+00 1.377415997416863602e+00 8.811500608876800200e+00 9.629921415920980721e+00 2.502590749473816878e+00 7.606644143802924418e+00 8.372420423309974158e-01 8.842579833859768312e-01 9.114619334413143203e-01 7.806926057473150271e-01 7.757532655246984765e-01 4.082010632472665712e+00 9.994599998918121120e-01 6.729040039949663043e-02
3.241497910563340668e+01 2.848897539233675147e+01 8.360634053154592493e+01 8.465227585269360588e+01 5.431492923738120204e+00 1.597041689581627963e+02 4.939457061158985312e+02 5.228111698670554688e+02 4.871963203252209496e-02 1.329504437349587231e+00 1.380644914594896910e+00 8.820337578031598014e+00 9.631791944354478829e+00 2.479673828115393164e+00 7.626452307259102170e+00 8.359002045024469529e-01 8.795442631550469681e-01 9.118230667195886818e-01 7.808310286882408358e-01 7.871254771415381324e-01 4.023524604608643251e+00 9.991746174575482087e-01 7.092073506712842645e-02
