3.342458839799580517e+01
2.782654329160403250e+01
8.322881096979557469e+01
8.444739214198287414e+01
6.375675312531869032e+00
1.596185936484359331e+02
4.940529883677340308e+02
5.239624496314021371e+02
1.153536905151564040e+00
1.567090283117127170e+00
1.380463570429967535e-01
9.818894004293643007e+00
9.851493707673359523e+00
1.275078076972480545e+00
8.698259351203404321e+00
9.413776036939421887e-01
8.368525600512736196e-01
9.905806484934667200e-01
8.247191061757980224e-01
7.874388856236338441e-01
2.668641971440710581e+00
9.983203937741823575e-01
5.888008064582770373e-01
