1.404724592962943319e+01
5.549765601035493745e+01
4.845279621646427870e+01
5.250556205441404245e+01
8.277439431917761681e+01
1.410494561849750994e+02
6.350417900419622619e+00
3.792493194007508617e+00
3.329389427078452979e+00
8.889971821411590369e+00
4.574160827200516088e+00
4.158280618292870545e-01
2.542273094277723300e-01
3.752662295724330521e-01
2.195303989146691337e-01
9.466237476624950187e-02
4.500031658690573408e+02
6.186269065204264450e+01
1.063728876221569530e+00
2.109759407600641179e+00
3.190092018926607431e-01
4.847705426599925871e-01
5.420127696406006557e+00
