  1.0000000e+000
  1.0000000e+001
  1.0000000e+000
  1.0000000e+000
  1.0000000e+001
  1.0000000e+001
  1.5000000e+000
  6.0000000e+000
  1.0000000e+000
  3.0000000e+000
  1.3500000e-001
  2.5000000e+000
  1.0000000e+000
  1.0000000e-001
  1.0000000e-001
  6.0000000e+000
  6.0000000e+000
  1.5000000e+001
  1.0000000e-001
  1.0000000e+000
  8.0000000e+000
  0.0000000e+000
  5.0000000e-001
  2.5000000e-001
  1.2000000e-002
  1.2000000e-001
  1.0000000e-002
  2.0000000e+000
  1.0000000e+000
  2.5000000e+000
  5.0000000e-001
  1.0000000e+000
  3.0000000e+000
  4.0000000e+000
  1.0000000e+000
  7.0000000e+000
  1.6000000e-003
  1.0000000e-002
  1.0000000e-002
  1.6000000e-001
  2.0000000e-003
  1.5000000e-001
  3.0000000e-003
  9.0000000e-002
  4.0000000e-001
  2.0000000e-001
  5.0000000e-002
  2.5000000e-001
  1.0000000e+000
  1.0000000e-001
  6.0000000e-002
  1.0000000e-001
  6.0000000e-002
  1.4000000e-001
  2.0000000e+000
  9.0000000e-001
  4.5000000e-001
  6.0000000e-002
  5.0000000e-003
  8.0000000e-002
  8.0000000e-002
  2.0000000e+000
  5.0000000e-002
  1.0000000e+001
  1.0000000e+000
  6.0000000e-003
  6.0000000e-001
  3.0000000e-001
  1.0000000e-001
  1.2000000e-002
  3.2000000e-002
  8.0000000e+000
  1.0000000e+000
  1.0000000e+000
  1.0000000e+000
  7.5000000e+000
  1.0000000e-001
  1.0000000e+000
  2.5000000e-001
  7.0000000e-001
  7.0000000e+000
  8.0000000e+000
  1.0000000e+000
  1.0000000e-001
  1.0000000e+001
  1.0000000e-001
  1.0000000e+000
  1.0000000e+001
  5.0000000e-002
  1.0000000e+000
  1.0000000e-001
  3.0000000e+000
  3.0000000e-002
  5.0000000e-002
  3.0000000e+000
  1.0000000e-001
  5.0000000e+000
  1.0000000e+000
  1.0000000e+000
  1.0000000e-001
  2.0000000e+000
  1.0000000e-001
  1.0000000e+000
  2.0000000e+000
  1.0000000e-002
  1.0000000e-001
  1.0000000e-002
  3.0000000e-002
  1.0000000e-001
  3.0000000e+000
  1.0000000e+000
  1.0000000e+000
  4.0000000e-001
  1.0000000e+002
  3.0000000e+000
  1.0000000e+000
  1.0000000e+000
  2.5000000e+001
  1.0000000e+000
  3.0000000e+000
  2.0000000e+000
  1.0000000e+000
  5.0000000e-001
  1.0000000e+000
  1.0000000e+000
  3.0000000e-001
  1.2500000e+000
  1.8000000e-001
  6.6000000e-002
  2.0200000e+000
  9.9000000e-001
  1.0000000e-001
  1.0500000e+000
  1.0000000e-001
  2.9000000e-001
  1.0000000e-001
  5.0000000e-002
  1.0000000e-001
  1.1000000e-001
  2.1000000e-001
  2.0000000e-002
  1.0000000e-001
  1.0000000e-001
  1.0000000e+000
  2.7000000e+000
  8.7000000e-001
  2.4000000e-001
  1.0000000e-001
  1.0000000e-001
  6.7000000e-001
  1.0000000e-001
  1.0000000e-001
