3.021829566741285160e-03 6.781134708127554717e-04 1.132006976342311106e-03 -1.665683449701407727e-04 1.395117789625005409e-05 -1.789053183953400773e-04 1.075103399573689968e-04 1.527095799122420812e-03 4.100151270327739590e-04 2.049863038117983021e-04
6.781134708127554717e-04 3.227144713221365147e-03 1.320214324973793428e-03 9.328752513556192361e-05 5.202880904772741000e-05 -4.273075339569450451e-04 1.213859571393683230e-04 1.514184577238763098e-03 9.935304054189389358e-05 3.082573871960228432e-04
1.132006976342311106e-03 1.320214324973793428e-03 3.596694651831286102e-03 2.502687958375742231e-04 5.833739359990897989e-05 -4.289202898174479875e-04 2.266631540610160279e-05 3.235556657189115845e-04 -2.403859953629258945e-05 6.477671984950577862e-04
-1.665683449701407727e-04 9.328752513556192361e-05 2.502687958375742231e-04 2.048767561604060514e-03 6.879675531316068642e-05 -2.220380801160869188e-04 1.021308396608242918e-05 -3.183710557024917100e-05 -1.019521343843331207e-03 -5.952447119215762512e-04
1.395117789625005409e-05 5.202880904772741000e-05 5.833739359990897989e-05 6.879675531316068642e-05 1.009315064369835629e-03 -5.467362434426875899e-05 3.175569872316230128e-06 3.925487874169030124e-05 -2.908158550551405560e-05 -2.854981074093710327e-05
-1.789053183953400773e-04 -4.273075339569450451e-04 -4.289202898174479875e-04 -2.220380801160869188e-04 -5.467362434426875899e-05 1.406842887219499636e-03 -2.376696085296821066e-05 -3.572985313737502108e-04 -4.163898016349152552e-05 2.528620123761239421e-05
1.075103399573689968e-04 1.213859571393683230e-04 2.266631540610160279e-05 1.021308396608242918e-05 3.175569872316230128e-06 -2.376696085296821066e-05 1.028059994796053480e-03 2.569534199162011264e-04 8.637367369698859134e-06 -4.206085333795378658e-05
1.527095799122420812e-03 1.514184577238763098e-03 3.235556657189115845e-04 -3.183710557024917100e-05 3.925487874169030124e-05 -3.572985313737502108e-04 2.569534199162011264e-04 4.099814626444753946e-03 3.231925134251094258e-04 -3.961976507820700938e-04
4.100151270327739590e-04 9.935304054189389358e-05 -2.403859953629258945e-05 -1.019521343843331207e-03 -2.908158550551405560e-05 -4.163898016349152552e-05 8.637367369698859134e-06 3.231925134251094258e-04 2.563529886362876913e-03 6.056294385474949747e-04
2.049863038117983021e-04 3.082573871960228432e-04 6.477671984950577862e-04 -5.952447119215762512e-04 -2.854981074093710327e-05 2.528620123761239421e-05 -4.206085333795378658e-05 -3.961976507820700938e-04 6.056294385474949747e-04 2.339156048218311509e-03
