ts0__FREE	ts1__FREE	ts2__FREE	ts3__FREE	ts4__FREE	ts5__FREE	theta0__FREE	theta1__FREE	y0__FREE	y1__FREE	lambda0__FREE	lambda1__FREE	lambda2__FREE	lambda3__FREE	lambda4__FREE	p0__FREE	p1__FREE	p2__FREE	p3__FREE	p4__FREE	beta__FREE	fD__FREE	r__FREE
1.750061062413359636e+01 5.586253722298513935e+01 6.623588729236141148e+01 5.338592061964187252e+01 6.828339404807424273e+01 1.269185000070437184e+02 4.878655083394380085e+02 5.220197721803911008e+02 1.110282598365908591e+00 2.179305049911155479e+00 7.474472394867500036e+00 4.758836055456329817e+00 5.641299669109029580e+00 3.366389050279502637e+00 9.907887635129981163e+00 4.821063566096444597e-01 4.772493279294062751e-01 4.448842728868808161e-01 3.663645692922312680e-01 2.224837040875316807e-01 4.505251906980312082e-01 9.995427031280926800e-01 6.973638690810230578e+00
1.749230371480028623e+01 5.586951694882475294e+01 6.625525640406014816e+01 5.338457555822193967e+01 6.827465003359273510e+01 1.269202385373599355e+02 4.878782430439565019e+02 5.220225598079423435e+02 1.118877826439867107e+00 2.180288933555242892e+00 7.464132263974954107e+00 4.759783694603659576e+00 5.642089229285939034e+00 3.384086128031965401e+00 9.922923919230315803e+00 4.808388541483861744e-01 4.765115177058667495e-01 4.434682024262470712e-01 3.657346798096011153e-01 2.185511817464539930e-01 4.493299170997095970e-01 9.995361680290990591e-01 6.955231764307324482e+00
1.747822623628918137e+01 5.586770464535348424e+01 6.625372135978606991e+01 5.339760725051169743e+01 6.827719729112628499e+01 1.269271690988355488e+02 4.878745071395179593e+02 5.220276513672311012e+02 1.149383147844017738e+00 2.174199310905676974e+00 7.468481167795737896e+00 4.736003109790400956e+00 5.632610811866793910e+00 3.391457519351040339e+00 9.924314733949849199e+00 4.817743612208203463e-01 4.764666017016083166e-01 4.430693021070476467e-01 3.672369233731411220e-01 2.208807225202296942e-01 4.506912555544733689e-01 9.993341650301076351e-01 6.946111910551271862e+00
1.747674769633510294e+01 5.585100247566175824e+01 6.624726159566831996e+01 5.340176177001489322e+01 6.828524508686264483e+01 1.269398441940486322e+02 4.878787061470349045e+02 5.220128908294209396e+02 1.159984297398277020e+00 2.184515760157365261e+00 7.472732352365920150e+00 4.713119779257927355e+00 5.648520637480889839e+00 3.397170951240505055e+00 9.928525622665500094e+00 4.828652041543505802e-01 4.747101047227236248e-01 4.459619308837652896e-01 3.636068316445408843e-01 2.141398311032532975e-01 4.520063422834397215e-01 9.997009588087906184e-01 6.943446199077956571e+00
1.748190017247607742e+01 5.584341772223695699e+01 6.626269281746415629e+01 5.339433402137903073e+01 6.828399348658480505e+01 1.269385154460711931e+02 4.878841770743368897e+02 5.220099578842817891e+02 1.179613860714407325e+00 2.185578372974139594e+00 7.477819300983505890e+00 4.714788599981946327e+00 5.664395061296831457e+00 3.402064968099668629e+00 9.917221728183189811e+00 4.890898597510205392e-01 4.707323658917384468e-01 4.507000152345294608e-01 3.665488236178790493e-01 2.136843933288375130e-01 4.524218654818546459e-01 9.996436175104183031e-01 6.923069243152094820e+00
1.748781551786665744e+01 5.583478777559272288e+01 6.626369602110401047e+01 5.340196491470234008e+01 6.829510245545625935e+01 1.269359338951866931e+02 4.878985482561907929e+02 5.219827241548533721e+02 1.182520681362870141e+00 2.197618719221057670e+00 7.484696994030226591e+00 4.723274020501162518e+00 5.643626705183288905e+00 3.414654253625347025e+00 9.908239618023076289e+00 4.851486268305751914e-01 4.724707996757741002e-01 4.473698749559184007e-01 3.672029841550576434e-01 2.181185697108635468e-01 4.514985020139972161e-01 9.998051374879503017e-01 6.919040169372272508e+00
1.749955626950199772e+01 5.583401478198764778e+01 6.626715089040588680e+01 5.340078732813642404e+01 6.828968881814319047e+01 1.269319220424205952e+02 4.879018921032634921e+02 5.219688362633590941e+02 1.185160904507012392e+00 2.206200786615684528e+00 7.503370728603078632e+00 4.722394694865946541e+00 5.635465272749197396e+00 3.414515477065153792e+00 9.906640909306755560e+00 4.768517205245226820e-01 4.757663551544797365e-01 4.427761968202812426e-01 3.628893557731265873e-01 2.094491970637762657e-01 4.469389977059088359e-01 9.998655651012166024e-01 6.910195066940175934e+00
1.749298666502762956e+01 5.583021250425908732e+01 6.626585095058921127e+01 5.340785766673143797e+01 6.828529945101401211e+01 1.269289377861150996e+02 4.879030513465465333e+02 5.219683107424888249e+02 1.193283635803105813e+00 2.198820970394816943e+00 7.506376420414346384e+00 4.712991380461650337e+00 5.655336287313803112e+00 3.418955955896482823e+00 9.899372623688895700e+00 4.806932289467962804e-01 4.747434024657604112e-01 4.442094273558094830e-01 3.636290853303724147e-01 2.112671327249660003e-01 4.497965246433670017e-01 9.991683283749728250e-01 6.899439902234084876e+00
1.747940413024846151e+01 5.581547860585969545e+01 6.627310080294080308e+01 5.341332852379819229e+01 6.829253717169051185e+01 1.269413663219280579e+02 4.879076242965346637e+02 5.219573413090064378e+02 1.233333436063977384e+00 2.196439281855471659e+00 7.501317099853531900e+00 4.702372681735174531e+00 5.674908686361619381e+00 3.417805303882310408e+00 9.907921674007260648e+00 4.783867117113778100e-01 4.722180199608601026e-01 4.457150316589655881e-01 3.602171141986250102e-01 2.028399433130304297e-01 4.472813359072387862e-01 9.993708692026598284e-01 6.892181098497246694e+00
1.749813495766732530e+01 5.580185530718636500e+01 6.629237797691088474e+01 5.340950324652687442e+01 6.829526304775923506e+01 1.269344380115286128e+02 4.878900893223005824e+02 5.219469482935644464e+02 1.243299153553130143e+00 2.201213326073668597e+00 7.496019884777116893e+00 4.684698558668205060e+00 5.682588442035855003e+00 3.410633280770476894e+00 9.924895537140864477e+00 4.762065094599696735e-01 4.722713049710902666e-01 4.438167694648383343e-01 3.612878652005206970e-01 2.016360612711974309e-01 4.458062261053664099e-01 9.999372989330579387e-01 6.896893019319732865e+00
1.750185058485327261e+01 5.580003458505360925e+01 6.630549821441687186e+01 5.341533675176492579e+01 6.828360060074152216e+01 1.269461935377170079e+02 4.878908501325647080e+02 5.219547933000645799e+02 1.250566111925188295e+00 2.210805129806372005e+00 7.491349096234492855e+00 4.668304317863168684e+00 5.700658056055686096e+00 3.413944024513010156e+00 9.917725511532870186e+00 4.829424208109839856e-01 4.714241171907415651e-01 4.479799756909368380e-01 3.624371856627392474e-01 2.021251099023754216e-01 4.502889325587939306e-01 9.989115629402616214e-01 6.900117942717278297e+00
1.749755778164552211e+01 5.581269423151632481e+01 6.628847950702265734e+01 5.340630869659040059e+01 6.828973455089233369e+01 1.269386175180727747e+02 4.878890444072849846e+02 5.219893369837872115e+02 1.266643532807105954e+00 2.221828283832821604e+00 7.503906856630778499e+00 4.651626588142763197e+00 5.691881016440331287e+00 3.411562730751452666e+00 9.918189922527924196e+00 4.817642082359537836e-01 4.747998963695052033e-01 4.464828923099374847e-01 3.601965681725824986e-01 2.008444925623062982e-01 4.518282066042138001e-01 9.997292303734556240e-01 6.883363731586362277e+00
1.750222899947491939e+01 5.581828889293354479e+01 6.630430824157417646e+01 5.340825698811035949e+01 6.829718623340718864e+01 1.269502459187133923e+02 4.878826362187938912e+02 5.219867542051703140e+02 1.291944714360210078e+00 2.221180112108662286e+00 7.526083402497325103e+00 4.646262533717738563e+00 5.698768857649977981e+00 3.412267656442571795e+00 9.917583267328767604e+00 4.747644636850421596e-01 4.712642859807510409e-01 4.451405952501115704e-01 3.606270735165225116e-01 2.023651235822460925e-01 4.447885560724100795e-01 9.999408248164335378e-01 6.884587892467192383e+00
1.751694066475549505e+01 5.581220158841333756e+01 6.631466512401308933e+01 5.341820616704097091e+01 6.828052764111991735e+01 1.269381234169792947e+02 4.878821000407959900e+02 5.219704633565742142e+02 1.301102597526201388e+00 2.221594046972380720e+00 7.544112602008960167e+00 4.632977741392451776e+00 5.693476799596838056e+00 3.420791770903412132e+00 9.926306358160735144e+00 4.841533227405138140e-01 4.751279230883698190e-01 4.478591846726970860e-01 3.605944230932576766e-01 1.931436852811310445e-01 4.522271602472451302e-01 9.996721573863748267e-01 6.857388445676580346e+00
1.752225942119878965e+01 5.580507506653714245e+01 6.632868699643765353e+01 5.342261059606816787e+01 6.828401208848339365e+01 1.269372217071055928e+02 4.878861424412994552e+02 5.219709022689590938e+02 1.317293327731628327e+00 2.216547037031881384e+00 7.550321520160034439e+00 4.616767441970874408e+00 5.714827690970959218e+00 3.410278767855545734e+00 9.936295903004642938e+00 4.810255201631154498e-01 4.692833037776024674e-01 4.488637831250718579e-01 3.591256149984560220e-01 1.932610073906776693e-01 4.490141691728556372e-01 9.998704782583975881e-01 6.837851522898625412e+00
1.752832081476198667e+01 5.581224626827214763e+01 6.634828798378450188e+01 5.343738204351433296e+01 6.829120824884003582e+01 1.269506512718872102e+02 4.878781121998864592e+02 5.219730601948089088e+02 1.314063821452133629e+00 2.204469264867182421e+00 7.560102964321034236e+00 4.614233608626224559e+00 5.720281260372688692e+00 3.406556246600739968e+00 9.940555159445631617e+00 4.810532192430987397e-01 4.743139067296007760e-01 4.452063387433594643e-01 3.617696971921007254e-01 1.978675561109794201e-01 4.504171915233036172e-01 9.997907312322780182e-01 6.826834331891105556e+00
1.754745640564822295e+01 5.582004806321770474e+01 6.635681355374691748e+01 5.343851546604334146e+01 6.829804634566127675e+01 1.269428419112087454e+02 4.878814328575365380e+02 5.219749452803129088e+02 1.274781265380621642e+00 2.204724034961042189e+00 7.543272192419839151e+00 4.624930248678063904e+00 5.709142172762080136e+00 3.397210208990954161e+00 9.957882620805273532e+00 4.832413842261409909e-01 4.728730324470912239e-01 4.478871107665265971e-01 3.633686877898894552e-01 2.044481867309346501e-01 4.505547211913519812e-01 9.998554238417450835e-01 6.836883993559266237e+00
1.756003068909400255e+01 5.581762096170321996e+01 6.636384407137532548e+01 5.342807270791281837e+01 6.830707251128896473e+01 1.269442551586558352e+02 4.878794846077319107e+02 5.219735837991765948e+02 1.307892594439701517e+00 2.212355167819269663e+00 7.557639280404143456e+00 4.597709106273174307e+00 5.716165251159451621e+00 3.403647257632790968e+00 9.943640357340290947e+00 4.788779797847557695e-01 4.747081177952008346e-01 4.445439821177429307e-01 3.615650039133135873e-01 1.969537241667829175e-01 4.485623977699403353e-01 9.998351606641041611e-01 6.816020276118518240e+00
1.755787406138955475e+01 5.581396076283466101e+01 6.639309959657342119e+01 5.343632875497020507e+01 6.829414456514290066e+01 1.269383712313652666e+02 4.878760789240994313e+02 5.219601589216576940e+02 1.355024371607186584e+00 2.219166630077050062e+00 7.570139068806793325e+00 4.594233116800796601e+00 5.729802320530037463e+00 3.408788805042741288e+00 9.946481508919333692e+00 4.796316253517874939e-01 4.745247487493272076e-01 4.446648825772060998e-01 3.614759497073396499e-01 1.932305877934546168e-01 4.500360026836048855e-01 9.995670590967099534e-01 6.793118662709695776e+00
1.755427392765116323e+01 5.581581712725228783e+01 6.638418358581105849e+01 5.342138866407717046e+01 6.827804348292390557e+01 1.269323707408549922e+02 4.878899723446372150e+02 5.219759088400794553e+02 1.339815087975953611e+00 2.205357508542957756e+00 7.564247644641363344e+00 4.590238993875782825e+00 5.730403808652107855e+00 3.405523386915469075e+00 9.958086069485156955e+00 4.821022186673437626e-01 4.729473319167664669e-01 4.475951361670834072e-01 3.631813168409530057e-01 1.983919496934854199e-01 4.498975859006443812e-01 9.998419949752092029e-01 6.793198639708335484e+00
1.756230761766009252e+01 5.581022907420326362e+01 6.639775782510643864e+01 5.342014795743304489e+01 6.827532520672397709e+01 1.269221668432448666e+02 4.878848836118991699e+02 5.219650434557573817e+02 1.361915290874673667e+00 2.214539973273489171e+00 7.594167088259336396e+00 4.544462706403079366e+00 5.729745874449957199e+00 3.405988972378930058e+00 9.952618156288657758e+00 4.897295237860268546e-01 4.704216988546382483e-01 4.505031879991132082e-01 3.626212529338679325e-01 1.938123381231866005e-01 4.558392189108830816e-01 9.999985257877985756e-01 6.765421391387472561e+00
1.757797605904325167e+01 5.581402515802498243e+01 6.641126433612811297e+01 5.342623645246244735e+01 6.826451537209668174e+01 1.269309203361546281e+02 4.878912082609168124e+02 5.219658273800027928e+02 1.367855656385160490e+00 2.225077790948782219e+00 7.613814852937506039e+00 4.544123706701008736e+00 5.731628032181096621e+00 3.412311186454082712e+00 9.949562579766155324e+00 4.870068759017442961e-01 4.724495653121181804e-01 4.514004588842845944e-01 3.626383622690964037e-01 1.992480903278389670e-01 4.541269106876452133e-01 9.997405342114698001e-01 6.762488805782921553e+00
1.757439858869400595e+01 5.583454347197888268e+01 6.638278808586814250e+01 5.341383728031879485e+01 6.825775104575107832e+01 1.269338816299533335e+02 4.878912189240108432e+02 5.220102257112539519e+02 1.290832537251064505e+00 2.216036401308859372e+00 7.584484157157826090e+00 4.575363074164129351e+00 5.708338655692092090e+00 3.384923491733403011e+00 9.956512869283724143e+00 4.845211307027239012e-01 4.699211876673191624e-01 4.493717230355179781e-01 3.630712996867074271e-01 2.018995287280175299e-01 4.511291179515727889e-01 9.978453406513853041e-01 6.782484232650379141e+00
1.758670648002834014e+01 5.583446846645512807e+01 6.638641472502919783e+01 5.341852865172760545e+01 6.825129322891365291e+01 1.269150700419872493e+02 4.878849490994657572e+02 5.220067939490519393e+02 1.282786577991973820e+00 2.218588733552850911e+00 7.572153052459856148e+00 4.585952217265302444e+00 5.711294909948345655e+00 3.385382032645559480e+00 9.962361910715978652e+00 4.830332296393843872e-01 4.722089210079381538e-01 4.489503190467866722e-01 3.618849052127860455e-01 2.034892317656554483e-01 4.519623076601190226e-01 9.994731861898664693e-01 6.780560240854939913e+00
1.759563741699045281e+01 5.582769150813326320e+01 6.641226880589394455e+01 5.342326699881194685e+01 6.824321824171292405e+01 1.269105158222290299e+02 4.878793343810516490e+02 5.219998523312140151e+02 1.339923596521340521e+00 2.222950976792615663e+00 7.599288045611230835e+00 4.545137490169555150e+00 5.726866842471102892e+00 3.384839959350761429e+00 9.978023296548320431e+00 4.847703673692718707e-01 4.720839161808807471e-01 4.495956177304208934e-01 3.647075540213047806e-01 2.023376394233284137e-01 4.517299039244544456e-01 9.997235202174453716e-01 6.747255039524159059e+00
1.759325268147186705e+01 5.581676842248376147e+01 6.644482477294087630e+01 5.343610449725107259e+01 6.823504150609808505e+01 1.268984739875464953e+02 4.878748029908921922e+02 5.219946214331689589e+02 1.383434701630423591e+00 2.220332917219255631e+00 7.616032787263575798e+00 4.509379812060544168e+00 5.731040944120168845e+00 3.385991285145915963e+00 9.990503958885849300e+00 4.796086836389121255e-01 4.736910011854165159e-01 4.449386333163412588e-01 3.596348608316600193e-01 1.903811527202463605e-01 4.500836872108853193e-01 9.998322104745689387e-01 6.699573327668929323e+00
1.759595012772206957e+01 5.582219218302638097e+01 6.645784188735066778e+01 5.341181967051035429e+01 6.822937010850556305e+01 1.268923388208662004e+02 4.878681565066542589e+02 5.219945401647268000e+02 1.402627355439403534e+00 2.232391791728520314e+00 7.633922222243652911e+00 4.488315999577126902e+00 5.745470238655969730e+00 3.412414728514959528e+00 9.984395796024999825e+00 4.770363573326890094e-01 4.707329806362790525e-01 4.464015844098964125e-01 3.569730619270032324e-01 1.861259370092333554e-01 4.480557491788074720e-01 9.995886198672996326e-01 6.667317591093003593e+00
1.759903610314019318e+01 5.583356890404240147e+01 6.645704857798850185e+01 5.341782048653552550e+01 6.823613122017310673e+01 1.269034821866172820e+02 4.878527065039743889e+02 5.219899747828741283e+02 1.407999698737792960e+00 2.234327477228447378e+00 7.643886998945604638e+00 4.505568863575840410e+00 5.741094720733961765e+00 3.401779421974862050e+00 9.982612811371733841e+00 4.820862564405981043e-01 4.730241358553726183e-01 4.483089746047528856e-01 3.609280447498711131e-01 1.884341846102006446e-01 4.503253603690229312e-01 9.993440018163742833e-01 6.659480377235231785e+00
1.759822450921577541e+01 5.584086001885859929e+01 6.644766384131555981e+01 5.342850512279371600e+01 6.823611765598238321e+01 1.269031176163313006e+02 4.878600020010536014e+02 5.219958509808986946e+02 1.348324134668820617e+00 2.230803480033308972e+00 7.602422104184137552e+00 4.540324903882638985e+00 5.731115408454030558e+00 3.389118795473962553e+00 9.973685418137273828e+00 4.769233874400201634e-01 4.741485847398175246e-01 4.449964620168510021e-01 3.547491414306697122e-01 1.824686316810215092e-01 4.491621622680129211e-01 9.998848577684834593e-01 6.678876818689059469e+00
1.762499734140088492e+01 5.586231367320573327e+01 6.648945376241169924e+01 5.344284690652427372e+01 6.823084431045685960e+01 1.268998311688726091e+02 4.878706125583670428e+02 5.219972063171297805e+02 1.385513119503378299e+00 2.239744033316797722e+00 7.636904461748588169e+00 4.503882990026188082e+00 5.761476529300316507e+00 3.388749139519616982e+00 9.983851685789254304e+00 4.765705502484063327e-01 4.730705861046328731e-01 4.455661764165092520e-01 3.582346053852306089e-01 1.878105504413999094e-01 4.475237159382475238e-01 9.977940478633444688e-01 6.606813186645785763e+00
1.764505230077045894e+01 5.586863797604527804e+01 6.650249028576304511e+01 5.345835336308530827e+01 6.822850993592444979e+01 1.269076751856308789e+02 4.878870204117650928e+02 5.219923332675888332e+02 1.411752203896889046e+00 2.229865735662808213e+00 7.667654414958504638e+00 4.491167299522840217e+00 5.760673645666611442e+00 3.398753741413113261e+00 9.980543355851899889e+00 4.747746294306700032e-01 4.731279707109991572e-01 4.438356518797272332e-01 3.564351109653676186e-01 1.810523271456638272e-01 4.466759162227717517e-01 9.993507058925195086e-01 6.568718231999061352e+00
1.766012827516066253e+01 5.589076037312503331e+01 6.648707758323274675e+01 5.344418921014074186e+01 6.822418285042643049e+01 1.269033598380147936e+02 4.878807472168671779e+02 5.220117244370420622e+02 1.378884480756349840e+00 2.228727484431394235e+00 7.691202496698130275e+00 4.523954244634158961e+00 5.745563540697765426e+00 3.387689587070520592e+00 9.994864869175671629e+00 4.812445760748174650e-01 4.721056584793661970e-01 4.468827103066016493e-01 3.586264365069178339e-01 1.848594136384212050e-01 4.505918257481762446e-01 9.996364767242548188e-01 6.568008964316964793e+00
1.764408399509516912e+01 5.587660587016414127e+01 6.648017766309374110e+01 5.346030525688188817e+01 6.824464120197681893e+01 1.269167641924570802e+02 4.878753160905230857e+02 5.220011999115546359e+02 1.364409167015314228e+00 2.229894031045636549e+00 7.683302394154178927e+00 4.536404885663406716e+00 5.748010483236602575e+00 3.389653175144807573e+00 9.972933208762432500e+00 4.770936060280807078e-01 4.754669284964899711e-01 4.445520838541519582e-01 3.588789715064392705e-01 1.874196720729602306e-01 4.480083294534533689e-01 9.996820721276512556e-01 6.593150915108592081e+00
1.766321173717483717e+01 5.588312555898058775e+01 6.653233624927425183e+01 5.346197325257753619e+01 6.824888287517474339e+01 1.269311360064408660e+02 4.878578327761915716e+02 5.219948533559805810e+02 1.409975548512777621e+00 2.218970772917653989e+00 7.747703871582842794e+00 4.502293169665267492e+00 5.767386062967283067e+00 3.392976384684740054e+00 9.993507283011147990e+00 4.855364551228459891e-01 4.724873040523986378e-01 4.486392431101631217e-01 3.626733557233785543e-01 1.948895898543063498e-01 4.538959717299818064e-01 9.994682495677673639e-01 6.519936817313436883e+00
1.764609867970272461e+01 5.590299533019060618e+01 6.652438363340041860e+01 5.346779785725952649e+01 6.825657945287373707e+01 1.269253566251456107e+02 4.878510292306047518e+02 5.220117210366723839e+02 1.350194912333970043e+00 2.205783282713734472e+00 7.727752386109691507e+00 4.546119657282119420e+00 5.741980845287914192e+00 3.390380248843671840e+00 9.982672657291915996e+00 4.880033594212676573e-01 4.704974981069708351e-01 4.513012915256514601e-01 3.634860704077847449e-01 2.019563031317686275e-01 4.550161364015724574e-01 9.996772754915332904e-01 6.535416193105826999e+00
1.764653883723169869e+01 5.588882813098076952e+01 6.653041875964787266e+01 5.347120321145804667e+01 6.824855664959405033e+01 1.269330410016854387e+02 4.878357262895905251e+02 5.219904144858661539e+02 1.374740706158713355e+00 2.210672361986126599e+00 7.741273871057651412e+00 4.527672119449944077e+00 5.744567536528082385e+00 3.379326437448443965e+00 9.997128483424079448e+00 4.786737083412291316e-01 4.727245623638802741e-01 4.455916324356596347e-01 3.591514723133233944e-01 1.936112322652667472e-01 4.500109360782363899e-01 9.979054977337071808e-01 6.517198015901677799e+00
1.767333863770523195e+01 5.590360157940202868e+01 6.655278960116572762e+01 5.346615837382653780e+01 6.825919854040991197e+01 1.269337926747004275e+02 4.878225612829796773e+02 5.220095436415604127e+02 1.372351202087543687e+00 2.207225121724704309e+00 7.751775802189757592e+00 4.527061494915638029e+00 5.740520862476459207e+00 3.367516973247455248e+00 9.987111315585076809e+00 4.810986092835999872e-01 4.761578602079110101e-01 4.459485626036616135e-01 3.655289707550085643e-01 2.035212523833553611e-01 4.500970613513803897e-01 9.990197188548960439e-01 6.486834359796681326e+00
1.769244946741428492e+01 5.592454935551583617e+01 6.657444864534319606e+01 5.347206849768760861e+01 6.825157921251056337e+01 1.269215123049612401e+02 4.878102180630003772e+02 5.220114214262853238e+02 1.377618390621434541e+00 2.189503133525787959e+00 7.783396785652773708e+00 4.519754626488010629e+00 5.746487084859294825e+00 3.352186837106622352e+00 9.994503975416863639e+00 4.812860073343952494e-01 4.694400189219634645e-01 4.497942883685284166e-01 3.590663412523540376e-01 1.910697418357326094e-01 4.495379478660611605e-01 9.998010016475448181e-01 6.442836346809698966e+00
1.771844597769816687e+01 5.590672959251701712e+01 6.663805633264072981e+01 5.348664840245609042e+01 6.826414035937114022e+01 1.269240660637028384e+02 4.878138213433457508e+02 5.219995427213958692e+02 1.447884779420818502e+00 2.199883898930710124e+00 7.814051132397401567e+00 4.449725241060252579e+00 5.781200661073017777e+00 3.366696433897481189e+00 9.998321809459813636e+00 4.800762871842741419e-01 4.711880152218414497e-01 4.467583925091482833e-01 3.582551958620955324e-01 1.851318539345112035e-01 4.510892375365753160e-01 9.994379511116231463e-01 6.355627743109963035e+00
1.773304762531112644e+01 5.592312291883943942e+01 6.666099371512791549e+01 5.349376306026532291e+01 6.826454277873959597e+01 1.269298456241331792e+02 4.878175371140466723e+02 5.220014236857715559e+02 1.448125457454012777e+00 2.188511101850447726e+00 7.832536724567068731e+00 4.450177968905244974e+00 5.794915088096468381e+00 3.359890098234084910e+00 9.975894066229461288e+00 4.723051876692313522e-01 4.726978777661335340e-01 4.451799423315206394e-01 3.522998290102701824e-01 1.759075307791782838e-01 4.460585017803855856e-01 9.998883911411716729e-01 6.312902996230493891e+00
1.778870429380572915e+01 5.595940945330635685e+01 6.674453023032499743e+01 5.351427483234312632e+01 6.826184401105567190e+01 1.269245404368127907e+02 4.877820920635572293e+02 5.219969075481246819e+02 1.468126695430609585e+00 2.192162864534729305e+00 7.874407023926862870e+00 4.415058613302514701e+00 5.813763787527077120e+00 3.344268694923893115e+00 9.993661897266173710e+00 4.822381155125781693e-01 4.727571153929817083e-01 4.485573233778057389e-01 3.609514130577308189e-01 1.873509613161630227e-01 4.508086837844633710e-01 9.986794921848526352e-01 6.202231759317302640e+00
1.781579718993682349e+01 5.598034335014064311e+01 6.679878940674214505e+01 5.352019962810481957e+01 6.825443610448412812e+01 1.269288611249870229e+02 4.877780940547223167e+02 5.220052883175449097e+02 1.490637707098818598e+00 2.191390760697036644e+00 7.908550381959819298e+00 4.393068497701944075e+00 5.843972406769208483e+00 3.325304851829453234e+00 9.991590011261145321e+00 4.879961996161915616e-01 4.727560659668621490e-01 4.500563873999496312e-01 3.626441393516572353e-01 1.875975097483592036e-01 4.556664250935322236e-01 9.999687895254557590e-01 6.144920555674365126e+00
1.783062626903445036e+01 5.600139698337358851e+01 6.681462902913382607e+01 5.352280775442369531e+01 6.825969793934487484e+01 1.269370920982267421e+02 4.877547824630365199e+02 5.219920375835318964e+02 1.483555704085234517e+00 2.186194060143771711e+00 7.919224367595703917e+00 4.378944200314611734e+00 5.846924596562755205e+00 3.317643833048786295e+00 9.974290057101761420e+00 4.830541634722329558e-01 4.711331112968527024e-01 4.504891851389584700e-01 3.591640524871927420e-01 1.898403005693156675e-01 4.529684629096503712e-01 9.984437593189527949e-01 6.087179330248909004e+00
1.789938585391373493e+01 5.604958813102373938e+01 6.694346680910008729e+01 5.356645922961616435e+01 6.823711576109479893e+01 1.269269359029187854e+02 4.877073030511629668e+02 5.220042357343506865e+02 1.560549375865876609e+00 2.184433647077383966e+00 8.033295482624069450e+00 4.307692179379955633e+00 5.886246673287274689e+00 3.285263382010193745e+00 9.998059952574587683e+00 4.820342746117588506e-01 4.745344724117265267e-01 4.479237333797485565e-01 3.625609493127653904e-01 1.862885681797361859e-01 4.510498242004477576e-01 9.995926540814425998e-01 5.871908384559972660e+00
1.789379471427989898e+01 5.606559772770890504e+01 6.692733817509912342e+01 5.356969150740497554e+01 6.824127267929441132e+01 1.269220559887090758e+02 4.877213347055378563e+02 5.219835924303516776e+02 1.528000545855346726e+00 2.183911390081554771e+00 8.040331336735334844e+00 4.310761445688976679e+00 5.872935684134536594e+00 3.291960465198192409e+00 9.995110010811691481e+00 4.826808364215756098e-01 4.701448817416747916e-01 4.510864926461846114e-01 3.578266062645519829e-01 1.779544357687453948e-01 4.511887063627613714e-01 9.999711756727410750e-01 5.886042414591424077e+00
1.799036780462326490e+01 5.613261948810942670e+01 6.706578375394067848e+01 5.359784197794238736e+01 6.820244621353619152e+01 1.269129890025044318e+02 4.876873800150725629e+02 5.220008187662065211e+02 1.582541918592922370e+00 2.173822690853091544e+00 8.167758854097531440e+00 4.226955027735357362e+00 5.922633158054091851e+00 3.251921544247052598e+00 9.996625000746126588e+00 4.781029253369078469e-01 4.731318086969660830e-01 4.470596926240064106e-01 3.565523624558353810e-01 1.755496500872675281e-01 4.505450458824526438e-01 9.998029423326866283e-01 5.630986167011082344e+00
1.800306903060445407e+01 5.616946927729647143e+01 6.709947522968873557e+01 5.360781057820042150e+01 6.818991359660118690e+01 1.269032236440242798e+02 4.876591664792136953e+02 5.220135547534063107e+02 1.546088450342514964e+00 2.150409320646434974e+00 8.193733868110129492e+00 4.250170048355752961e+00 5.933512094511923962e+00 3.239517475853602058e+00 9.979788245053883955e+00 4.844900586253250152e-01 4.699055000331473497e-01 4.519170226262469447e-01 3.585340762428971817e-01 1.769766625554770878e-01 4.518260371479344562e-01 9.999587786699691838e-01 5.569991785971478926e+00
1.801069458632184350e+01 5.620160846311181757e+01 6.710431668422346263e+01 5.360953426081218964e+01 6.819665289938836850e+01 1.269187420378374753e+02 4.876542424964367228e+02 5.220051904683086832e+02 1.514868726708196389e+00 2.140627247158773283e+00 8.201197656879006814e+00 4.272255824397230839e+00 5.921823405979846022e+00 3.240998533885856681e+00 9.996131521880689874e+00 4.793703356686123684e-01 4.757983561669194561e-01 4.453028377280635608e-01 3.576355385739820036e-01 1.812133573235976403e-01 4.511422895153208157e-01 9.992014930855216415e-01 5.563842321710416705e+00
1.806819466284242992e+01 5.625033396936822783e+01 6.723434868849210488e+01 5.363444537418659053e+01 6.817772271877279877e+01 1.269384608030934771e+02 4.876180636571322680e+02 5.220131130871416190e+02 1.509838501356604024e+00 2.128947454391501903e+00 8.295288468211385435e+00 4.226033717887005992e+00 5.945947553935790886e+00 3.206922687922663329e+00 9.994788880228826500e+00 4.882636689776444494e-01 4.728002170252726954e-01 4.504804555266551658e-01 3.594020201469078080e-01 1.776073884375053147e-01 4.555671778977053998e-01 9.992795615302764167e-01 5.369053110524173889e+00
1.827982074157152326e+01 5.639352000639948415e+01 6.757648558152581586e+01 5.372656168367066698e+01 6.814280023825699573e+01 1.269602214528474633e+02 4.875063100021455966e+02 5.220173121966406597e+02 1.629578736626285940e+00 2.107356797971292384e+00 8.589580726975123426e+00 4.054972044231781148e+00 6.070016771279060919e+00 3.132088736335607582e+00 9.994219494093778522e+00 4.807836497581186030e-01 4.737851198570009470e-01 4.493461997440941769e-01 3.580961722087261934e-01 1.738873139589608707e-01 4.504416344538461070e-01 9.994006051612265296e-01 4.827265566091118565e+00
1.763341269929277288e+01 5.581643715382929827e+01 6.616297979034469279e+01 5.343102278078983147e+01 6.836532754275080492e+01 1.269394830260214064e+02 4.879151161076734411e+02 5.220315356530668396e+02 1.159160068348178418e+00 2.105566616874495089e+00 7.412968422469626617e+00 4.736391111862916503e+00 5.547375366899291116e+00 3.336735245229004665e+00 9.966459438511657609e+00 4.871788104639889205e-01 4.753368926833793640e-01 4.473334026310801792e-01 3.678521938489212051e-01 2.187796469907114238e-01 4.543258950031106580e-01 9.996068816784691169e-01 7.029953580424706416e+00
1.763299879489454725e+01 5.581851181378987548e+01 6.617782157134116972e+01 5.341589907789817460e+01 6.835579314344791158e+01 1.269452584197003091e+02 4.879095042904799584e+02 5.220424642864800262e+02 1.171650914908519914e+00 2.098018341683706378e+00 7.422626125642751482e+00 4.754576086663964141e+00 5.538358624102524885e+00 3.337649853131495981e+00 9.971666699015854007e+00 4.819444022942025452e-01 4.764799906494731063e-01 4.458263405156726034e-01 3.692638218823990903e-01 2.225056372573179231e-01 4.494262881232047313e-01 9.997582872033230483e-01 7.045341895212313688e+00
1.765428720774235316e+01 5.582962117135001279e+01 6.617058242757083519e+01 5.342156155897723835e+01 6.835556810904090241e+01 1.269400566719783825e+02 4.879150043734193787e+02 5.220513306540514122e+02 1.179448517074525471e+00 2.101800339828896913e+00 7.432300259527453434e+00 4.749234752729556419e+00 5.526046530593437645e+00 3.342159312370962532e+00 9.960669572693831242e+00 4.840891408613360869e-01 4.768041964608623062e-01 4.472357688456572999e-01 3.683893783394293631e-01 2.220685023736688191e-01 4.517660710054949846e-01 9.998734410648087989e-01 7.043926338263325704e+00
1.765656987774040942e+01 5.585064326008859581e+01 6.617485689944712135e+01 5.342165813101366467e+01 6.837272377226636877e+01 1.269366268662811876e+02 4.879201756107636356e+02 5.220495929899549310e+02 1.197040852612918593e+00 2.103871167840383638e+00 7.427880314224754699e+00 4.746303087073539650e+00 5.523534517572038283e+00 3.337073315649645266e+00 9.963467345535585551e+00 4.857951426377692394e-01 4.749734058882878474e-01 4.473798838712014780e-01 3.686576997668815081e-01 2.222945808864933703e-01 4.534317155241199271e-01 9.994034311042516716e-01 7.052870142547632781e+00
1.766493006897310991e+01 5.585978568730887162e+01 6.617997643224431670e+01 5.342430968463455088e+01 6.837115394158647064e+01 1.269377076974027858e+02 4.879204712757563698e+02 5.220586070036473529e+02 1.215632071443678131e+00 2.098007200977016318e+00 7.424360912564001325e+00 4.738644799537614638e+00 5.528188051608805331e+00 3.330934654733511913e+00 9.975561541574375468e+00 4.824675325800558690e-01 4.738260492534493995e-01 4.478801618225302650e-01 3.670290061621921396e-01 2.204064696709025495e-01 4.504616860866684780e-01 9.995888912355390676e-01 7.043487451280220135e+00
1.766315551590227884e+01 5.586302398318944995e+01 6.618222086300913531e+01 5.343020577537013338e+01 6.835348303977900741e+01 1.269328081167781903e+02 4.879304050238933428e+02 5.220533363698110634e+02 1.227452391868367298e+00 2.097887490986473757e+00 7.421980620098808323e+00 4.721013117256703140e+00 5.523484888328549225e+00 3.323103289845106723e+00 9.971940895792208437e+00 4.836438754380448790e-01 4.750876347183890513e-01 4.479329713858257178e-01 3.684536574841421053e-01 2.210062091658059058e-01 4.508717538188166674e-01 9.997525119946411021e-01 7.056258869920414512e+00
1.766342456815106843e+01 5.585603711679623018e+01 6.617532185108524345e+01 5.343178176053558559e+01 6.834677493296725004e+01 1.269253714358059142e+02 4.879245933040402292e+02 5.220560991155766715e+02 1.241288983791158707e+00 2.097455500859542799e+00 7.424991678839088394e+00 4.706210322105192745e+00 5.516311854952662408e+00 3.329568759233003661e+00 9.971170457428467415e+00 4.831168792569883186e-01 4.735570269165108592e-01 4.477357228396298683e-01 3.643821570080937322e-01 2.105456535086814296e-01 4.523343793006002755e-01 9.998857219886674308e-01 7.049569792609108099e+00
1.765981754966635364e+01 5.586643976072900841e+01 6.615405186199846810e+01 5.342286154613026383e+01 6.834638619548358918e+01 1.269347094246215875e+02 4.879263046848014369e+02 5.220499595428293560e+02 1.252835168262384835e+00 2.111738412415410160e+00 7.418333722314730316e+00 4.710789786124068179e+00 5.501872018487869553e+00 3.323572125799604482e+00 9.970265723216886755e+00 4.901734996534057309e-01 4.735110933930812283e-01 4.507393051919370563e-01 3.686383469796661871e-01 2.172765012070773383e-01 4.557828398616514121e-01 9.997996841099118237e-01 7.057981439517182487e+00
1.766897243072704526e+01 5.588155175778596373e+01 6.614514102409948748e+01 5.342609328224297371e+01 6.836710381731006692e+01 1.269254938550327978e+02 4.879111692829495723e+02 5.220528308291077337e+02 1.265967596862998201e+00 2.117450937656194743e+00 7.432746436703152604e+00 4.706118166776957601e+00 5.496173451715535840e+00 3.317876420065676513e+00 9.969262885811303931e+00 4.875318170615897118e-01 4.713534688792945793e-01 4.511021271303136682e-01 3.663160145074998986e-01 2.159914258703731771e-01 4.537610277167803408e-01 9.996322586020818246e-01 7.070533837500412311e+00
1.767539513472700108e+01 5.589648107911382624e+01 6.615020226421452776e+01 5.342586862973009687e+01 6.837179329923844762e+01 1.269207122654093922e+02 4.879092556846974276e+02 5.220562872899479316e+02 1.293563954515676961e+00 2.116210413146947911e+00 7.429469744900484507e+00 4.703946131431960609e+00 5.486731996735407790e+00 3.311990232215025642e+00 9.995733079469138360e+00 4.815652424086135919e-01 4.728198170761283570e-01 4.477454034870922417e-01 3.639438369174706756e-01 2.079756280911384814e-01 4.498746684293021270e-01 9.998370769140264569e-01 7.061374024368367586e+00
1.766444454888284810e+01 5.587003894979233110e+01 6.614614724371065790e+01 5.343033141376569972e+01 6.836846916935466822e+01 1.269405927796827882e+02 4.879002570896504380e+02 5.220605746303615433e+02 1.278143626828073698e+00 2.127943674951527253e+00 7.425531391798357639e+00 4.708571538339157314e+00 5.501920809727380401e+00 3.299793930085708205e+00 9.997349669771194769e+00 4.838435836646378108e-01 4.729115762204219031e-01 4.485415642853518570e-01 3.663418739606500441e-01 2.137523320998054033e-01 4.516430565530741292e-01 9.998285910414698163e-01 7.056763632944995202e+00
1.767554095407239956e+01 5.588407420502411327e+01 6.614130920482267584e+01 5.343857489812036476e+01 6.836629263311476734e+01 1.269420129276952167e+02 4.879084484032896967e+02 5.220599682681187232e+02 1.309444942723412941e+00 2.120253302462629108e+00 7.421840844462108677e+00 4.703029058743844359e+00 5.495360786826985589e+00 3.300932595366802946e+00 9.997542998486469656e+00 4.851143884959887020e-01 4.721394258453420756e-01 4.497056300017855390e-01 3.652034393987953487e-01 2.091249920163044673e-01 4.521803612368004988e-01 9.999003963049042376e-01 7.061734316425569702e+00
1.769940809435228601e+01 5.589164105301757246e+01 6.612219503174807755e+01 5.344906692783808211e+01 6.836911723416940845e+01 1.269311656567167006e+02 4.879060022867757880e+02 5.220542407762460471e+02 1.356892131888912223e+00 2.155642361795745199e+00 7.417120860487629308e+00 4.704216155681630873e+00 5.485341982325464549e+00 3.291694577352781703e+00 9.997316917097444744e+00 4.782047496089573135e-01 4.744714311249683125e-01 4.450213963376293824e-01 3.610064307190481991e-01 1.975164007105675301e-01 4.486073603106772167e-01 9.991953215554976175e-01 7.095301398905385248e+00
1.768279291999277447e+01 5.589932945450080126e+01 6.611773607583968726e+01 5.343890516922176914e+01 6.836544454835424744e+01 1.269321391500814826e+02 4.879113312491895726e+02 5.220718789399303432e+02 1.350316748687881541e+00 2.155938303309286042e+00 7.407588105558531311e+00 4.710653655703395337e+00 5.487836673300503953e+00 3.299295734900625554e+00 9.987058384445667514e+00 4.841841657343559646e-01 4.714121765217353932e-01 4.491439156921306353e-01 3.634124233562309736e-01 2.015102979012146633e-01 4.517097282524121238e-01 9.999418587207652420e-01 7.075934170776645438e+00
1.768002020248358264e+01 5.589877181559029395e+01 6.611725784623281754e+01 5.344945318118030997e+01 6.836745702612503806e+01 1.269325495571622042e+02 4.879090199955560365e+02 5.220676740165472438e+02 1.343578476334702509e+00 2.158685891524331879e+00 7.410044705947113286e+00 4.711935723520411123e+00 5.500126390045960711e+00 3.296892542993992148e+00 9.983328740474117780e+00 4.842200654200339849e-01 4.756170834725304553e-01 4.480405267377263745e-01 3.640993601581639649e-01 2.023662824581884123e-01 4.523541697948396112e-01 9.986105110833648490e-01 7.070874854084427952e+00
1.767746239481263970e+01 5.591792184152838274e+01 6.612173594805818766e+01 5.344393756475222546e+01 6.836458237810504102e+01 1.269320707010823810e+02 4.879052719305558981e+02 5.220566629821748847e+02 1.350709205757770537e+00 2.146198481121896595e+00 7.417626577088677564e+00 4.702403582393723802e+00 5.506318625124793087e+00 3.280682960900119571e+00 9.980055657555867654e+00 4.802519766830946613e-01 4.737338009512223058e-01 4.467634834061697258e-01 3.610798251926788938e-01 2.024294472760607977e-01 4.501478035853367365e-01 9.996743632359962328e-01 7.084218788043304293e+00
1.768194918337583488e+01 5.591332540451253408e+01 6.613967509985042170e+01 5.345033839460649716e+01 6.836314110665423982e+01 1.269236572898918922e+02 4.879019830434006053e+02 5.220492634187301064e+02 1.330842119749071628e+00 2.141914643839591292e+00 7.419523019250043205e+00 4.714640956647092374e+00 5.489825187191289757e+00 3.284397360323209281e+00 9.992774376730199748e+00 4.899471592684203625e-01 4.724363246018857265e-01 4.511502687678549672e-01 3.658362021940027575e-01 2.097698614825639907e-01 4.562614327844351503e-01 9.998242899987267451e-01 7.086259384286405449e+00
1.768483671154005776e+01 5.593487526056684089e+01 6.612765980982149472e+01 5.345047070942769096e+01 6.836600764593410418e+01 1.269189335732516781e+02 4.879010011151044068e+02 5.220453900398044880e+02 1.342050099828536291e+00 2.127177503933359581e+00 7.421071225574566554e+00 4.705789736590313410e+00 5.477604280074959142e+00 3.285503117305584198e+00 9.992201636850706947e+00 4.795803947495052011e-01 4.744116334612953900e-01 4.457102562362937892e-01 3.614102182306437872e-01 1.968081902494878133e-01 4.487077392204707471e-01 9.993814690618612051e-01 7.095259981638943003e+00
1.767428100647315148e+01 5.593610752450630486e+01 6.612871276249288144e+01 5.344551799277817850e+01 6.836767855677624084e+01 1.269214805386800720e+02 4.878902215096555324e+02 5.220466872753555663e+02 1.321340117663029723e+00 2.135225109905003915e+00 7.431385997513014097e+00 4.707282351017507693e+00 5.477731856586840031e+00 3.279726968170947110e+00 9.976990133475011291e+00 4.784877933852070830e-01 4.738246090948332045e-01 4.465941956912179989e-01 3.596171541942914107e-01 1.979458067286811729e-01 4.488378009857454942e-01 9.997976708327467321e-01 7.077989124216153449e+00
1.767548436010166668e+01 5.594652206227384994e+01 6.613584136197623309e+01 5.345028069686192396e+01 6.836483491834927406e+01 1.269221402775777676e+02 4.878929978825916578e+02 5.220340214466209545e+02 1.339528334606341575e+00 2.135718442315115873e+00 7.437577001211660210e+00 4.703598700093860607e+00 5.484176564978402446e+00 3.275611717886580454e+00 9.979349322802022471e+00 4.791092470910297552e-01 4.744710979307314447e-01 4.455000391308135410e-01 3.630551054516257814e-01 2.053537276396170674e-01 4.491027590828211014e-01 9.989568522737015677e-01 7.074368860180096696e+00
1.767763578475062758e+01 5.592426342568580822e+01 6.614969756205799456e+01 5.344094645058896020e+01 6.836908153324135640e+01 1.269330482507844096e+02 4.878921108123844874e+02 5.220406235231293977e+02 1.326030600862655451e+00 2.159528422033117678e+00 7.442125583542052780e+00 4.706492640056461951e+00 5.506640779753765536e+00 3.271977193552768171e+00 9.977231103065575368e+00 4.837892649200085660e-01 4.735980592350831908e-01 4.460391223904794922e-01 3.670421591471395573e-01 2.095290238173773412e-01 4.514300083513544948e-01 9.997504511386735571e-01 7.067428319129635206e+00
1.767540508148847422e+01 5.593092906053395552e+01 6.616819334619307824e+01 5.345208792613590276e+01 6.836748863923315866e+01 1.269433794256930810e+02 4.878757916942834640e+02 5.220397774803878974e+02 1.331435579493348564e+00 2.162938161073514554e+00 7.460273377291902541e+00 4.693174294573832839e+00 5.511516133596272127e+00 3.267196080382733125e+00 9.975359561020454180e+00 4.790502463052783710e-01 4.719318637556108031e-01 4.472672675875233872e-01 3.609802034372114332e-01 2.003023272881540584e-01 4.482449156700130111e-01 9.994701033100378273e-01 7.085731951184279787e+00
1.768260058414324831e+01 5.591569385030220474e+01 6.616980914180757622e+01 5.344514046951049835e+01 6.836884647357715039e+01 1.269448558785392009e+02 4.878701681285165250e+02 5.220346518904408413e+02 1.322955895838250351e+00 2.176693537437221604e+00 7.473167198015454815e+00 4.704719009750813363e+00 5.509194914530568532e+00 3.264278855428011550e+00 9.975153579672610960e+00 4.834792940743106171e-01 4.709770554622734196e-01 4.496935970218342016e-01 3.637127824717528712e-01 2.020290091169122393e-01 4.508943662670273911e-01 9.991831379321562956e-01 7.069397171061362783e+00
1.766861372274737718e+01 5.590512017642924292e+01 6.616576774654676285e+01 5.344862944041835817e+01 6.836019349330285877e+01 1.269640910817070392e+02 4.878865785342082404e+02 5.220286792228633885e+02 1.285509165869835213e+00 2.176709366153533054e+00 7.483509241260271949e+00 4.721183490126635185e+00 5.521447700317388296e+00 3.261821593329192748e+00 9.955182554289850216e+00 4.850553373867139140e-01 4.741148288929589727e-01 4.484753543402973386e-01 3.630058784243762604e-01 2.010594867252576967e-01 4.527739760192133756e-01 9.992524707938269524e-01 7.052963546176268750e+00
1.768041206814620381e+01 5.592842078048944643e+01 6.618083431175709563e+01 5.345115224102350027e+01 6.834502182677714188e+01 1.269453785914115826e+02 4.878824360078322115e+02 5.220143628015488275e+02 1.302439348553532383e+00 2.196548108584857939e+00 7.512693584592582852e+00 4.712154593107128697e+00 5.515711022615001902e+00 3.280075417905606194e+00 9.965490488518076617e+00 4.838182361601173209e-01 4.767636467845450809e-01 4.463597831422809192e-01 3.629973932154154648e-01 2.005334236288955629e-01 4.527411681303597502e-01 9.990465039038196604e-01 7.043687554390656302e+00
1.769354182465041703e+01 5.594133130976327095e+01 6.616354935761006573e+01 5.347481971645416365e+01 6.834595014012899128e+01 1.269478809976844218e+02 4.878844416630556111e+02 5.220018512337825314e+02 1.304069268030749740e+00 2.192637972079404474e+00 7.502478190079504117e+00 4.713739543197821291e+00 5.507319186846602044e+00 3.284178721517085453e+00 9.969045946811021963e+00 4.809618652382045001e-01 4.730690793486702073e-01 4.473751203379162100e-01 3.608466079125395298e-01 1.988902824237467615e-01 4.502174042893634098e-01 9.994720634837056528e-01 7.038435365833516144e+00
1.769481974289424642e+01 5.595290240200591825e+01 6.616174349380443687e+01 5.348398623628359161e+01 6.832601977957435224e+01 1.269535611326282520e+02 4.878834568419111406e+02 5.219903160872663648e+02 1.304559549024249865e+00 2.182753990923540499e+00 7.497290044306339496e+00 4.717642556401751008e+00 5.516326245850601495e+00 3.285533488465266494e+00 9.964879012886019183e+00 4.777650606373440301e-01 4.735517686864968989e-01 4.449926072261888299e-01 3.622389299509315985e-01 2.038620308687592031e-01 4.482054515740978573e-01 9.997588910921768601e-01 7.035815763956379421e+00
1.767741746185412666e+01 5.595473689977260534e+01 6.617020734452742659e+01 5.348766196670441531e+01 6.833778036110675203e+01 1.269545089433135701e+02 4.878888259424479656e+02 5.220031511352075313e+02 1.298001326912876729e+00 2.189279780283864163e+00 7.487840846439974385e+00 4.719499548962545532e+00 5.518012592835205510e+00 3.287556708868104582e+00 9.961509200999110192e+00 4.819014213424421822e-01 4.730082851219067908e-01 4.480714403220100728e-01 3.594643499599312064e-01 1.986538101752153562e-01 4.516959686534450791e-01 9.987988178230222669e-01 7.026290417447222936e+00
1.767969668369148550e+01 5.595993796308759016e+01 6.618256968149262320e+01 5.348657297833822355e+01 6.835242486687327812e+01 1.269634397117592641e+02 4.878814086567383015e+02 5.220024955347136029e+02 1.280739475856467413e+00 2.188498597844009463e+00 7.498850032772494068e+00 4.727397018207409651e+00 5.520256005991560855e+00 3.297116741502823523e+00 9.946200053308292155e+00 4.825587326364331187e-01 4.759804612259931900e-01 4.457759666298410917e-01 3.648890271986287015e-01 2.070633306899513915e-01 4.511851792163418251e-01 9.997664469622654648e-01 7.024844936172660148e+00
1.769824127028163829e+01 5.598141056729127030e+01 6.615718221229637663e+01 5.349753893756994216e+01 6.836061243691344202e+01 1.269563275464695948e+02 4.878811719824892066e+02 5.220043783102374846e+02 1.323425983004846485e+00 2.205799516591622655e+00 7.493648267267193575e+00 4.725821578838928616e+00 5.514623816966968128e+00 3.300288754832193749e+00 9.940258500401187192e+00 4.791110403593265010e-01 4.716997442022169973e-01 4.473089234984273244e-01 3.603530807300192040e-01 1.960477169861646329e-01 4.480860997222116393e-01 9.992248314610988613e-01 7.017923096997698451e+00
1.770643374829765548e+01 5.597878309536660169e+01 6.616433463332097631e+01 5.350368584488838053e+01 6.836729105319665223e+01 1.269574958477925009e+02 4.878824522819792264e+02 5.219976828380126790e+02 1.320090262650556623e+00 2.215741120223282401e+00 7.513690988523506142e+00 4.734303287672662286e+00 5.506523085166223908e+00 3.300492414553238607e+00 9.930692098710256488e+00 4.734081348349370444e-01 4.709524107999271680e-01 4.442348239954923006e-01 3.581243051127758203e-01 1.959099084389985257e-01 4.450770695716482206e-01 9.999323402256079518e-01 7.016480834603439298e+00
1.771726331382410891e+01 5.598894326170766078e+01 6.614850996568718244e+01 5.351315280045157863e+01 6.835215138893258313e+01 1.269496647214123186e+02 4.878686500062458435e+02 5.219964467047494736e+02 1.327134559070653141e+00 2.228509872631012190e+00 7.517637404873545037e+00 4.740521467741595885e+00 5.511910304906105118e+00 3.307507995555685198e+00 9.923993521008483754e+00 4.793190078873176829e-01 4.742585644632128505e-01 4.454889754278136271e-01 3.585197856029517793e-01 1.906502637255546861e-01 4.501496630061302962e-01 9.993698446157394111e-01 6.991934902001525565e+00
1.771734496164835093e+01 5.599981138565108552e+01 6.616872888335092284e+01 5.350070080642124992e+01 6.836845644933646327e+01 1.269508993143438573e+02 4.878647846588733614e+02 5.220100025418433916e+02 1.335800501561344111e+00 2.232820311719180495e+00 7.517758834209972818e+00 4.739260993892244755e+00 5.507993438596539448e+00 3.319412933142572353e+00 9.921531601615546592e+00 4.769811976966162881e-01 4.720500399225825983e-01 4.447258921345823568e-01 3.586183435879775616e-01 1.899385292243176426e-01 4.477726625717497466e-01 9.999731757934599008e-01 6.973940320689155925e+00
1.771634359932002312e+01 5.600190722552934375e+01 6.616822465724202118e+01 5.350064811316263302e+01 6.837139013968563006e+01 1.269424173921310199e+02 4.878565378486607642e+02 5.219957016393383356e+02 1.321500950613530012e+00 2.235907695337201684e+00 7.524026265310395090e+00 4.739203696831353341e+00 5.505341938537500646e+00 3.309203295619750573e+00 9.905376551266547480e+00 4.760186995475249039e-01 4.742273922330725866e-01 4.455230630342316700e-01 3.585985528338891393e-01 1.958413681905402659e-01 4.475160334683301322e-01 9.987083836973730255e-01 6.967342581649107025e+00
1.771494657500103642e+01 5.600704868384059409e+01 6.618024479969413676e+01 5.351609101404242352e+01 6.835935190574373621e+01 1.269509925286261591e+02 4.878665569874348193e+02 5.220002235019074988e+02 1.312454141316309553e+00 2.254380300592373487e+00 7.536901848212137267e+00 4.749540110898997192e+00 5.495992035104592333e+00 3.316812757166398118e+00 9.921182514251393414e+00 4.799278763036468609e-01 4.709703984379323694e-01 4.477132989903735982e-01 3.614950366859384645e-01 1.998671349699528976e-01 4.488152127208134279e-01 9.996404157110092559e-01 6.950561386291264299e+00
1.772265586740612164e+01 5.603609903378100654e+01 6.617492336782167683e+01 5.352701100786439525e+01 6.836432030772468238e+01 1.269478236371826512e+02 4.878631038056225293e+02 5.219752428262568174e+02 1.322533737548161836e+00 2.267240226608252751e+00 7.554532367847969887e+00 4.751871694088452891e+00 5.513008253924793323e+00 3.327033057747320388e+00 9.912368813324988537e+00 4.825306529233691633e-01 4.759553046398729559e-01 4.470307662167773977e-01 3.604396920530313908e-01 1.886045408681244484e-01 4.506537850934900780e-01 9.999664420646376950e-01 6.924382861749522000e+00
1.771633601581106987e+01 5.599979668741299577e+01 6.617331019018227778e+01 5.351166671822458198e+01 6.836370245943957968e+01 1.269345414158719763e+02 4.878661710910423039e+02 5.219836169184136452e+02 1.275203301231306652e+00 2.236980969039593869e+00 7.537182368414857336e+00 4.754458601946721430e+00 5.514847627659392515e+00 3.326543277508223095e+00 9.923316516118307007e+00 4.819296548034021077e-01 4.713955921364935131e-01 4.474487485413455312e-01 3.597123799641152586e-01 1.961130583123954774e-01 4.503929762645441093e-01 9.999022001661993508e-01 6.923821591392613328e+00
1.774284804159460904e+01 5.601607535921024095e+01 6.617982287279644993e+01 5.350700976297452627e+01 6.835013653726134919e+01 1.269232734038033215e+02 4.878758710086377732e+02 5.219680449445156682e+02 1.298684338732741139e+00 2.245207113405727206e+00 7.516330521454006153e+00 4.754706074443196151e+00 5.507862989548949706e+00 3.304256132712518390e+00 9.929816309826769327e+00 4.840132961278044710e-01 4.744986616520924239e-01 4.470064816086431470e-01 3.662370032249842033e-01 2.055901025226060386e-01 4.508402107068985032e-01 9.995715678693075645e-01 6.932458435830738175e+00
1.776709913281965214e+01 5.605059326148103338e+01 6.617862423348204004e+01 5.352714766409203406e+01 6.836463026911621910e+01 1.269199260628844712e+02 4.878718685246922178e+02 5.219619022364950069e+02 1.324723620497283205e+00 2.275933000942179429e+00 7.530455407679801816e+00 4.748536892624092509e+00 5.516420743233779511e+00 3.300441926163604212e+00 9.916345306615220068e+00 4.847769138406696765e-01 4.702458199339757949e-01 4.497197774565617201e-01 3.631888985839775152e-01 1.983228107581824218e-01 4.512023632209545831e-01 9.980144182231385219e-01 6.920648956820897091e+00
1.779260544103195585e+01 5.608780768183114418e+01 6.619143755514562599e+01 5.355054940851667311e+01 6.837464471152289036e+01 1.269037875721972455e+02 4.878686120791523990e+02 5.219517145586598872e+02 1.340187887300435143e+00 2.327004972752362288e+00 7.560020791565534637e+00 4.766001393644548223e+00 5.514172289034806163e+00 3.294361784213504230e+00 9.888305901282757659e+00 4.811700458486330989e-01 4.737683940533203297e-01 4.448708417282346561e-01 3.578313964551200210e-01 1.843804432889907530e-01 4.522930249406522107e-01 9.988020447428961335e-01 6.877347943346586945e+00
1.780008276046804028e+01 5.609867222402857578e+01 6.617994383711108242e+01 5.354995183513622692e+01 6.837013359244816968e+01 1.269065177787411471e+02 4.878611890449146244e+02 5.219482570985892380e+02 1.315156841536948118e+00 2.336351287682317590e+00 7.583943586136320469e+00 4.772175750763085311e+00 5.527020413644722296e+00 3.284413085006313793e+00 9.863323652203327185e+00 4.791221319319592387e-01 4.697724305323268124e-01 4.482623285488253062e-01 3.599005945982802768e-01 1.918758663271170617e-01 4.467968550651529314e-01 9.980536744506658398e-01 6.868739271121204304e+00
1.779172571676207326e+01 5.608357952777404165e+01 6.618469711532783606e+01 5.353942205695444301e+01 6.836278445289948991e+01 1.269025314070745338e+02 4.878507673975735770e+02 5.219266200097455339e+02 1.264514970869818455e+00 2.355435843417826192e+00 7.594447739229034156e+00 4.802250591687435843e+00 5.558696935589093613e+00 3.301014893745555678e+00 9.865680950383683978e+00 4.851142408628872360e-01 4.714790576009644796e-01 4.503311044821791675e-01 3.629039199361439594e-01 2.022144947891482691e-01 4.516275041624936981e-01 9.989276134175109068e-01 6.835355022430485761e+00
1.780021098107254574e+01 5.608243428804771469e+01 6.616901274162572122e+01 5.355567002666887078e+01 6.836221621548962446e+01 1.269043619152090088e+02 4.878567718255405907e+02 5.219220514931309935e+02 1.287967030263042600e+00 2.351212112700271195e+00 7.602914499148904603e+00 4.806966175023335452e+00 5.559133784080551699e+00 3.285916491059603040e+00 9.875384839519000479e+00 4.722169334232263482e-01 4.745694438885086908e-01 4.401082697493998719e-01 3.567478223024462269e-01 1.897431828088846084e-01 4.466953290227000384e-01 9.997376634734094214e-01 6.838466564463989705e+00
1.781946245714027199e+01 5.612304160396293895e+01 6.615914628556528498e+01 5.358331006678346142e+01 6.835240593476406445e+01 1.268962870993035068e+02 4.878616477693975071e+02 5.219119975857884128e+02 1.354987515813738996e+00 2.379211760782151242e+00 7.642708775776245744e+00 4.793696479817361578e+00 5.546425767917235738e+00 3.289538825543174561e+00 9.852718028824007490e+00 4.852853083516710520e-01 4.744365845392793379e-01 4.475011563973873563e-01 3.594481881818855640e-01 1.824102966934466885e-01 4.537486422198726554e-01 9.999999683270324180e-01 6.822801108678985038e+00
1.783577941315849102e+01 5.611322283877943562e+01 6.614825902558271764e+01 5.358293569786276578e+01 6.836222583046645696e+01 1.268818053337071632e+02 4.878368048746825139e+02 5.219061541291721369e+02 1.355010719095086413e+00 2.396389912586521564e+00 7.643243615574079719e+00 4.798203256242496550e+00 5.561209027184647269e+00 3.287806198810150349e+00 9.850958851908158564e+00 4.829816212399341002e-01 4.722795492507450565e-01 4.475603737042311847e-01 3.591750545759585522e-01 1.827359839033979860e-01 4.515778163348130869e-01 9.998251652953394908e-01 6.797140562991691226e+00
1.785080701264369551e+01 5.612032529273810155e+01 6.614761722864727744e+01 5.358111040052305185e+01 6.837085923240256591e+01 1.268872471216409252e+02 4.878327614664277121e+02 5.219200992582836989e+02 1.360557411124096339e+00 2.401100268532323501e+00 7.636779462657094619e+00 4.796744082760358019e+00 5.550946556924902353e+00 3.286721544315748034e+00 9.858866823402269830e+00 4.786167305473431055e-01 4.732294029012101833e-01 4.457510040464252588e-01 3.580887580249610402e-01 1.808979100515747951e-01 4.490291999557695646e-01 9.999993167731312527e-01 6.800657237029065882e+00
1.784084074636284711e+01 5.611715332642042853e+01 6.615982715131318059e+01 5.355873006258077140e+01 6.837114610209911802e+01 1.268934629508259349e+02 4.878472502602076020e+02 5.219275187274349719e+02 1.337066070525628536e+00 2.367334297778619145e+00 7.628307592632993739e+00 4.803247345839992022e+00 5.552936798816188180e+00 3.285795210655635401e+00 9.871009308838376128e+00 4.781226336190967374e-01 4.718145420493964903e-01 4.464027164463394981e-01 3.570819908304461165e-01 1.867846543275572258e-01 4.487859092677107253e-01 9.999788818982803251e-01 6.804286621658795831e+00
1.784900628987478655e+01 5.611509878625225411e+01 6.616043985108667869e+01 5.357814386545607022e+01 6.836425575269190347e+01 1.268991130236606750e+02 4.878369539543321025e+02 5.219151456940591061e+02 1.325816189970678849e+00 2.399873231752627678e+00 7.649705064280466260e+00 4.829489769472284699e+00 5.568964384213947127e+00 3.299153056047583910e+00 9.861564799350828636e+00 4.816304620295391858e-01 4.713193611549258422e-01 4.471660682251701324e-01 3.586382444671936676e-01 1.882683772315120740e-01 4.507402589849827668e-01 9.999274726188801532e-01 6.769344711565756789e+00
1.784627010335095676e+01 5.610043929609724955e+01 6.614868940864377578e+01 5.358641827999302620e+01 6.836807293970780108e+01 1.269235783676687248e+02 4.878438518764646119e+02 5.219067489084397948e+02 1.319139455534998451e+00 2.394640437394296661e+00 7.633870933906075074e+00 4.815757906893008311e+00 5.579771084616990784e+00 3.299425106050667633e+00 9.870351895438730594e+00 4.796205091591538849e-01 4.734268570118021491e-01 4.460738413846524475e-01 3.581476134973882175e-01 1.833439405383109622e-01 4.500961988662409152e-01 9.994917939821095221e-01 6.778976172432665592e+00
1.789396702353989355e+01 5.613051351328474681e+01 6.615273220230892548e+01 5.360850351428481986e+01 6.836509647104568899e+01 1.269258214840963319e+02 4.878228209977287406e+02 5.218830556685985584e+02 1.345282557254046329e+00 2.451950278809909012e+00 7.683744602379496413e+00 4.825027609736178391e+00 5.597237249525059077e+00 3.303320339806335326e+00 9.842975710216455454e+00 4.759771802138392238e-01 4.728157316193160598e-01 4.446228119313284655e-01 3.582738269949178878e-01 1.854752447713895747e-01 4.471645618330096772e-01 9.996718510750616238e-01 6.714958764955341053e+00
