1.755745793288787837e+01
5.580235322019676403e+01
6.628290438313287325e+01
5.338948802593370146e+01
6.832854990007963636e+01
1.269303100186675977e+02
7.389080234591518526e+00
4.759429480707047411e+00
5.648443718125416346e+00
3.356915680614107611e+00
9.971876382097439873e+00
4.331961649129431047e-01
3.720990933278516821e-01
3.570908459359398712e-01
2.633717752896937436e-01
6.895743561042258496e-02
4.879400347466328753e+02
3.412303164521996024e+01
1.004499158598771258e+00
2.079211294747782990e+00
3.459487943096486440e-01
2.874808942060489980e-01
7.091169498558339335e+00
