8.734536488069199578e+00
3.710287060397440939e+01
7.789287707556493956e+01
4.407731853484468587e+01
8.273910025828050152e+01
1.515839187627768752e+02
4.565121124681897982e+02
5.266581068848632867e+02
1.070066462953100261e+00
2.146732200936221080e+00
6.151883394810127303e-02
5.901573190915188505e+00
1.383803680403349889e-01
2.859117210898612704e+00
7.908670873499228371e+00
6.893560741611624021e-01
3.933318143034618131e-01
5.603553790071111873e-01
3.475920302255930960e-01
2.064189099882808576e-01
4.144741718683310761e-01
9.970157300556355962e-01
9.120747980762898832e-01
