7.794275341734586249e+00
5.052631340895085543e+01
8.217956251195585082e+01
3.330380088646474945e+01
9.719941102304629510e+01
1.396056299570083468e+02
6.834778650097149466e+00
2.185204493867169084e+00
1.007934172197634037e+00
3.973257443105243425e+00
3.075836216406220291e+00
3.518446419154126481e-01
2.813072438042991674e-01
3.643032100343943647e-01
1.974944027105590694e-01
2.958761184031590691e-02
4.457559521151690660e+02
6.347696822604999056e+01
1.144221464168537983e+00
2.301820124190575356e+00
3.165461613352225645e-01
1.738040176999172959e-01
6.659564498035084767e+00
