8.632950581646785082e+00
3.685098878053332783e+01
7.786482757272219146e+01
4.321572812820173226e+01
8.413546630789085157e+01
1.519302888851074158e+02
7.886537181353725501e-02
6.000609874378102226e+00
4.932533763880987410e-01
4.587502296938135160e+00
6.275931483976030734e+00
6.186978741258520875e-01
3.484871731267000228e-01
4.361010034776677258e-01
3.115392575455068203e-01
1.475441020843807072e-01
4.581182784738185774e+02
6.956686197595321630e+01
1.032672177594139207e+00
2.217349217080086365e+00
3.651157724753757994e-01
1.757965995894497091e-01
6.640360630971368749e+00
