ts0__FREE	ts1__FREE	ts2__FREE	ts3__FREE	ts4__FREE	ts5__FREE	theta0__FREE	theta1__FREE	y0__FREE	y1__FREE	lambda0__FREE	lambda1__FREE	lambda2__FREE	lambda3__FREE	lambda4__FREE	p0__FREE	p1__FREE	p2__FREE	p3__FREE	p4__FREE	beta__FREE	fD__FREE	r__FREE
7.878950048674466800e+00 6.700015773079354631e+01 3.507226517381786124e+01 4.927309118365696605e+01 1.138489680241247726e+02 1.284766988284713420e+02 4.199514502346404470e+02 5.053370051988096066e+02 1.140932211282432496e+00 2.146134401065169950e+00 9.635507178476549583e+00 2.874335841933312041e-01 4.138632844827088597e+00 5.189776409959224956e+00 2.762786039200419985e-01 3.603229773226462318e-01 3.173343804827505887e-01 3.149162086270161920e-01 1.411261412302541041e-01 1.099135345232047332e-02 3.008221558179428601e-01 9.991949038911318581e-01 2.527969887366742441e+00
7.894824275900645283e+00 6.699789540864740900e+01 3.507655278743893490e+01 4.927027701961168304e+01 1.138554826900872428e+02 1.284711409453179272e+02 4.199486074186064002e+02 5.053305676965709381e+02 1.120332335312395289e+00 2.127972610912861828e+00 9.642209620555933114e+00 2.774431601919410406e-01 4.127419564345830238e+00 5.188683649450562818e+00 2.655379751128131849e-01 3.580717719536191668e-01 3.147875747216882236e-01 3.160363341858590247e-01 1.419970175233644660e-01 2.245352577834065690e-03 2.996309427869830455e-01 9.997366497612876213e-01 2.511063309690086953e+00
7.886676096181166606e+00 6.699775489600567369e+01 3.506931484025408707e+01 4.927547066765599482e+01 1.138678374563965576e+02 1.284590893680849604e+02 4.199459945335610769e+02 5.053427082411680544e+02 1.131532145753836982e+00 2.150248030448412173e+00 9.654710565672843359e+00 2.504637071020370809e-01 4.129836715615317289e+00 5.192748764571954112e+00 2.522246350397256420e-01 3.527684660272981110e-01 3.268183186207868629e-01 3.124624236334678229e-01 1.395063927052672959e-01 4.557627642072330058e-03 3.003596123192623923e-01 9.999586142818593926e-01 2.478659524346256138e+00
7.890990105767453855e+00 6.700646883624361294e+01 3.503361216166181435e+01 4.926460598279555114e+01 1.138989081800032181e+02 1.284701037951776641e+02 4.199494297934297151e+02 5.053505314985733321e+02 1.127973175350245771e+00 2.122505003112935995e+00 9.676167547217261244e+00 2.380333727921780662e-01 4.176671994144610878e+00 5.208046298708538302e+00 2.495389258268832511e-01 3.638110669962907884e-01 3.152451790241843077e-01 3.184583817372018677e-01 1.440437034455955279e-01 1.258132317093423264e-03 2.988762390604196018e-01 9.986890358462406914e-01 2.412653584577030941e+00
7.888106260400264524e+00 6.702451391964234517e+01 3.501895773901625120e+01 4.925359201950119115e+01 1.138962557793221606e+02 1.284725711936656012e+02 4.199400240496912602e+02 5.053515355935636535e+02 1.099340834324213256e+00 2.121460449052105623e+00 9.675364992596692915e+00 2.288060157038461495e-01 4.165381053408679257e+00 5.202052193620428255e+00 2.610905533732476025e-01 3.550677932895763833e-01 3.338029501275051047e-01 3.147140643779476887e-01 1.481510329749088639e-01 6.818662595870468059e-03 3.006581671651352150e-01 9.969864773673199343e-01 2.380170433064347613e+00
7.893461267446706842e+00 6.702885706610125283e+01 3.500654711745546877e+01 4.926368986572715869e+01 1.139165477653550482e+02 1.284602193708772404e+02 4.199001207448715718e+02 5.053668488855346936e+02 1.082893819048489581e+00 2.115179175424316327e+00 9.709602779478734291e+00 1.987148806361463960e-01 4.185176584572637637e+00 5.215058364200317875e+00 2.434249187027793526e-01 3.552170111267633490e-01 3.349580438682873140e-01 3.136432972673765529e-01 1.465091871360221509e-01 2.966591606781626873e-03 2.997307488403799791e-01 9.999584406285808580e-01 2.310978148276147781e+00
7.877966948037338213e+00 6.703044958952690990e+01 3.495172224587605569e+01 4.924927149909863999e+01 1.139677642605101227e+02 1.284574859819988433e+02 4.198403859966062441e+02 5.053763465863136730e+02 1.084987260727307223e+00 2.095739354134349863e+00 9.757442331521156476e+00 1.407877206985019836e-01 4.210597408807362108e+00 5.245196831306529361e+00 2.321862431249470948e-01 3.362513499213669044e-01 3.602664655943319527e-01 3.100437518668959780e-01 1.471474160058836300e-01 2.592934362210257311e-03 2.974862350733599170e-01 9.942811837453728874e-01 2.138448528190815434e+00
7.895704846853280223e+00 6.707483224654095011e+01 3.488695094232689087e+01 4.928149396180091202e+01 1.140313271426330175e+02 1.284422145213052033e+02 4.197778529017481901e+02 5.053848725785436500e+02 1.080750353205165881e+00 2.092341382350046075e+00 9.816752539655871246e+00 5.025377505653246674e-02 4.253964283559720450e+00 5.304672483390288740e+00 2.191927877907050848e-01 3.375842021829901229e-01 3.931007656590893018e-01 3.104683252760111478e-01 1.473042508961043551e-01 1.103918540947678752e-02 2.936833296775434032e-01 9.990962900831773519e-01 1.887925002258488583e+00
7.901082022476507483e+00 6.710164962891938956e+01 3.485070711712067748e+01 4.928801091166593551e+01 1.140943508188850473e+02 1.284342538356820000e+02 4.197336516362119028e+02 5.053711363568230581e+02 1.073618348819023183e+00 2.068931187048498099e+00 9.852555250088551375e+00 2.405446058146264166e-02 4.308841878842587292e+00 5.356288197570859388e+00 2.192902007977423628e-01 3.623133038982478404e-01 4.221554761339939010e-01 3.156452868470662199e-01 1.510052118068993532e-01 1.145644969528736724e-03 2.973219327356615982e-01 9.960126417057993953e-01 1.661566484185462267e+00
7.910535067386131658e+00 6.712264411680490639e+01 3.481459100936219642e+01 4.926811714925251806e+01 1.141513788283665605e+02 1.284192130699815380e+02 4.196908409442014545e+02 5.053839531757925556e+02 1.066471295465972080e+00 2.050433489122510000e+00 9.893976657465900715e+00 2.064299806233927531e-02 4.358780500767714727e+00 5.368693362069654640e+00 1.909330913875964264e-01 3.729226695409894043e-01 4.329273187404601431e-01 3.197239307124500329e-01 1.517229046813232396e-01 8.735006221679312514e-04 3.001193737804079831e-01 9.997316560806672747e-01 1.483505803163168935e+00
7.921326152092113659e+00 6.718615982419599675e+01 3.474252169618159058e+01 4.926891147645615376e+01 1.141963352910948402e+02 1.284117411600064145e+02 4.196119605378053166e+02 5.053742124331311629e+02 1.077468957179018805e+00 2.031761649964413774e+00 9.916079061671990047e+00 1.105766702129038805e-02 4.408794372560149277e+00 5.410673873907397180e+00 1.932799456563766560e-01 3.896042934390308576e-01 4.827706623342778447e-01 3.228788761682933606e-01 1.544663581744449565e-01 3.381364180068856078e-03 3.059262992075405529e-01 9.983293432742067486e-01 1.254224466549727079e+00
7.892924601791841965e+00 6.723369480461256842e+01 3.467270621550571974e+01 4.927678360307196925e+01 1.142645488003167742e+02 1.284005276829369677e+02 4.195503974763759061e+02 5.053728345482996360e+02 1.084692180972004927e+00 2.048897307491648778e+00 9.958313763050989920e+00 4.309600619824919057e-03 4.470915245435477914e+00 5.466668127153293533e+00 1.785885573439000007e-01 4.008689256549063384e-01 5.197014158033661513e-01 3.218526444111330931e-01 1.539559198376739269e-01 5.303816759131340514e-03 3.075563577588010244e-01 9.996331180055237908e-01 9.809385895362630059e-01
7.906343267825950427e+00 6.726700264768876991e+01 3.462796093333134451e+01 4.929228972601856640e+01 1.142957116567173870e+02 1.283928384177013413e+02 4.194955429351519456e+02 5.053954469363826547e+02 1.082528224269983630e+00 2.043790859882745892e+00 9.966348152062309396e+00 1.080389736681976187e-02 4.515424959469744870e+00 5.488128902809732423e+00 1.873983543974631349e-01 3.816531115803351581e-01 5.341112406470914786e-01 3.189153858620012438e-01 1.603383305453296714e-01 7.381162980824674223e-03 3.037832204815223980e-01 9.972708033251361792e-01 8.416670773649957971e-01
7.907880717749527832e+00 6.727142418183181860e+01 3.463347759789214564e+01 4.930053136212336540e+01 1.143022988084935179e+02 1.283903441573514215e+02 4.194937149217525416e+02 5.054057133915920872e+02 1.094816051948418245e+00 2.034525809813596098e+00 9.975290563029046709e+00 1.039774375857739283e-02 4.523574741560244306e+00 5.491345041695786300e+00 1.901745421348589038e-01 3.696009517134248301e-01 5.459277575967085294e-01 3.167719640873015163e-01 1.544302494001252024e-01 1.585636045259944393e-02 3.007483911981148617e-01 9.962871675692666074e-01 8.076858237139736829e-01
7.898937597053977910e+00 6.728609083087984288e+01 3.460138291335698568e+01 4.930342186859787290e+01 1.143337612106551830e+02 1.283979004640376331e+02 4.194607554501615141e+02 5.053967773235851837e+02 1.103430501542401299e+00 2.028152200836006003e+00 9.976951575242461345e+00 1.257553524867016138e-02 4.541912741016092880e+00 5.529380127816851953e+00 1.956241568741838577e-01 3.645596283039700958e-01 5.541969398622046405e-01 3.127474051061468474e-01 1.478678098897656668e-01 1.887729629410386106e-03 3.014749020123306256e-01 9.983947781655505560e-01 7.053741861682870651e-01
7.920557912886254215e+00 6.727524771682774940e+01 3.462863412093177118e+01 4.930926608888891138e+01 1.143204689483933834e+02 1.283995789718542824e+02 4.194505870039147339e+02 5.054001101512167224e+02 1.104621251561362927e+00 2.023153853256991930e+00 9.960694267020736348e+00 2.018290541192608450e-02 4.565746571242840446e+00 5.538578879546377287e+00 1.980619857115351878e-01 3.531933353143898446e-01 5.276874736332904936e-01 3.136942506251294005e-01 1.528476000250473532e-01 8.534376263580827071e-03 3.013946955749787215e-01 9.982926291223706006e-01 7.003040521574789290e-01
7.943296098199090771e+00 6.726051452259726204e+01 3.462130818821109557e+01 4.929716547686656725e+01 1.143103326613947530e+02 1.284003281364374232e+02 4.194625428571032444e+02 5.053937848597170159e+02 1.097154129463516758e+00 2.031555859095787397e+00 9.952685867070176329e+00 1.711842106448949186e-02 4.563120617872263196e+00 5.516709893585824531e+00 1.778341339504478369e-01 3.451632691463311642e-01 5.339374287536376995e-01 3.098432179360748884e-01 1.478887695205578501e-01 5.600092701303396522e-03 2.969156089263476628e-01 9.976231200069983762e-01 7.492418936228359971e-01
7.943509366469348798e+00 6.726679798149312717e+01 3.464519136310554615e+01 4.928099940990762207e+01 1.142797974444990530e+02 1.283773721455489749e+02 4.194685630204341464e+02 5.053882430087705870e+02 1.086884598039911332e+00 2.034461572566047760e+00 9.952407534033458347e+00 1.464513687772951017e-02 4.542799871546375989e+00 5.524334465667128491e+00 1.953812152904162436e-01 3.452344261799701886e-01 5.312846496950823783e-01 3.106523592512321352e-01 1.467839270034229371e-01 4.232162301371503524e-03 2.957861377820347748e-01 9.965127755002679555e-01 7.657710785571605339e-01
7.928522732181599864e+00 6.727469417382047823e+01 3.463947816893566056e+01 4.928222125528890984e+01 1.142948409747558145e+02 1.283789136116477039e+02 4.194735269381358762e+02 5.053942698535155387e+02 1.096981741878854555e+00 2.039730949765313550e+00 9.941545715646665116e+00 1.392941330025273747e-02 4.534367828830074387e+00 5.518759300356276043e+00 1.791474632210265927e-01 3.513494580090998909e-01 5.366496533256102097e-01 3.141161854466492653e-01 1.461372646697376154e-01 5.140131234103710416e-03 2.980813365616647448e-01 9.938688154681519782e-01 7.465749349068427909e-01
7.947555039728847248e+00 6.727751296845414686e+01 3.465924123283465974e+01 4.927905299059501232e+01 1.142852401866401379e+02 1.283908267689198226e+02 4.194902194086562304e+02 5.053782530243300926e+02 1.101350618547638938e+00 2.055180432700186799e+00 9.932371893179141153e+00 1.485155161495824508e-02 4.520158680788340710e+00 5.517738288737107588e+00 1.780405487341307491e-01 3.546688935281970267e-01 5.354062645181598690e-01 3.136136173603628619e-01 1.458772427410539863e-01 1.029204202923627263e-02 2.995959704018356651e-01 9.945711793756680796e-01 8.241171445961502640e-01
7.965718646193937325e+00 6.733064022468460053e+01 3.465729861255471178e+01 4.926871326086266833e+01 1.142904744833929698e+02 1.283651614135003172e+02 4.194583780386812464e+02 5.053795290870943404e+02 1.102602662167855074e+00 2.029427332996842637e+00 9.939537310628976385e+00 1.114769272099669188e-02 4.550771327675638744e+00 5.513779800347911042e+00 1.803403095437090542e-01 3.516214848665261683e-01 5.518196976097042850e-01 3.087325652737922810e-01 1.506992447105536537e-01 1.448881258980856852e-02 2.956511824839241909e-01 9.980505454568724399e-01 7.286763566618028598e-01
7.958092071183980210e+00 6.733837794762055751e+01 3.465692070588236362e+01 4.926607481136662159e+01 1.142799892934798152e+02 1.283658747458271705e+02 4.194499802988512442e+02 5.053698989640964783e+02 1.087213808021830985e+00 2.030119422581798894e+00 9.945032786752625142e+00 9.965978430135299243e-03 4.544250828250826935e+00 5.511080364408136312e+00 1.737632773065105607e-01 3.661272710634232430e-01 5.621218917953888505e-01 3.072983366823046070e-01 1.445015318395982684e-01 7.436541332206196217e-03 3.009149008714850915e-01 9.982655520372759606e-01 7.658698774682352051e-01
7.956256428943641268e+00 6.733041439979777465e+01 3.464137282932865247e+01 4.926506883811131843e+01 1.143071698800235652e+02 1.283496283533489759e+02 4.194386400885859416e+02 5.053851225616366492e+02 1.081124538966588000e+00 2.026119291114613752e+00 9.963097768958581568e+00 1.027823425117405792e-02 4.570268507170147210e+00 5.512975246435768639e+00 1.907655771802210243e-01 3.741249293727657022e-01 5.724646868276465073e-01 3.208071814880393835e-01 1.545823760835584315e-01 9.648482049053060117e-03 3.033579382671182656e-01 9.981164705725494857e-01 7.010639996694975062e-01
7.950929991542908581e+00 6.733500278400715899e+01 3.463090779306102718e+01 4.925954084166357916e+01 1.142906378001354000e+02 1.283532437335889824e+02 4.194444502315787986e+02 5.053872501677304854e+02 1.067211771361183725e+00 2.041178899160948745e+00 9.947113248633652205e+00 1.271999354098122051e-02 4.569400368919770195e+00 5.486734853217431152e+00 1.891331806409770888e-01 3.731375216797688243e-01 5.621101566715779319e-01 3.204996185055046798e-01 1.576431477153163729e-01 6.248315065136909700e-03 3.044294841657728123e-01 9.945606445737374957e-01 7.168692212719339762e-01
7.942050852564460861e+00 6.731821533652924927e+01 3.465326193897849549e+01 4.925725054442090567e+01 1.142774819682167617e+02 1.283731802343730806e+02 4.194660229294554483e+02 5.053847957343844541e+02 1.066452359413310402e+00 2.046934888618281434e+00 9.939346768490390005e+00 1.758286809329018263e-02 4.565512526492651268e+00 5.470721368543064678e+00 1.987313399756603371e-01 3.712230473163767863e-01 5.541494993895587085e-01 3.185260624553000186e-01 1.633111163902462581e-01 1.364593456209405378e-02 3.051696112425119067e-01 9.997412527973418284e-01 7.938083145127042828e-01
7.960437181812726415e+00 6.733335362843050120e+01 3.464614138268546384e+01 4.925972836311588310e+01 1.142709994026973988e+02 1.283882583773184365e+02 4.194500506182070581e+02 5.053734942669623820e+02 1.063655549747263285e+00 2.056070322626166735e+00 9.923721124950464656e+00 1.632187266377798165e-02 4.556122454299633695e+00 5.468061591612477734e+00 1.743768483162741190e-01 3.444989669571494884e-01 5.559707064552172895e-01 3.118757633521094252e-01 1.546681688353677697e-01 2.582983667509179682e-02 2.972520889898075391e-01 9.963171821782299542e-01 7.915183962951286567e-01
7.955077848212338765e+00 6.735272886500287370e+01 3.464032658442838652e+01 4.927151558501560658e+01 1.143053251769979397e+02 1.283884152607879230e+02 4.194260071442166122e+02 5.053766512284847181e+02 1.071116838995889387e+00 2.054403394261099969e+00 9.936899777695719749e+00 1.282371283180779031e-02 4.573874800823169551e+00 5.491003679172964169e+00 1.756969821645094909e-01 3.540853903836402861e-01 5.712199998955478364e-01 3.169489945111965690e-01 1.534804244763080527e-01 1.525315929612564014e-02 2.995328370248191985e-01 9.996128830946823252e-01 7.099105199565790558e-01
7.973506228850935962e+00 6.735993531166316473e+01 3.463633695820626457e+01 4.928365555231586370e+01 1.143009206220654619e+02 1.283896017468663331e+02 4.194295271958279159e+02 5.053623133326302082e+02 1.085783335567354735e+00 2.062049575001046797e+00 9.936951332783346302e+00 1.275595489148599257e-02 4.545829733652646532e+00 5.484789296078212750e+00 1.667933779047893750e-01 3.570113304310493785e-01 5.744319152813580631e-01 3.115139522778643255e-01 1.506695299252342191e-01 5.158823414710427338e-03 2.987604129581778456e-01 9.998532688728379858e-01 7.029112844226887979e-01
7.960389352301141308e+00 6.731374776498377344e+01 3.465490462170098596e+01 4.928557248802065516e+01 1.142830242993993153e+02 1.283994748357151821e+02 4.194581713246151935e+02 5.053541276201189589e+02 1.078731838300496904e+00 2.059862295654416364e+00 9.929930130158343360e+00 1.662244107414813030e-02 4.520459163640060396e+00 5.468081108812104851e+00 1.797130033304725760e-01 3.475486649312438669e-01 5.600391740301545740e-01 3.134020069420695442e-01 1.565002403893005767e-01 1.731461892250369880e-02 2.988492834798719411e-01 9.993280617340706273e-01 7.822661272769314555e-01
7.960412455959563260e+00 6.732940288844665133e+01 3.466373847942462305e+01 4.927686993772679358e+01 1.142763654665893824e+02 1.283837603989748573e+02 4.194578638109221629e+02 5.053487806480662243e+02 1.078585712674366315e+00 2.057124114555751948e+00 9.930718113657526658e+00 1.216542277664981082e-02 4.500252182632897835e+00 5.463429965483666884e+00 1.684964148759798830e-01 3.590470710546477262e-01 5.728243765146235900e-01 3.153373046454149842e-01 1.506221784315736056e-01 6.493134664309320458e-03 2.998858410659323015e-01 9.996166367387836482e-01 8.198116529637762273e-01
7.971869704795445877e+00 6.733583024822665664e+01 3.466095628339479617e+01 4.927690483819800704e+01 1.143035704310270262e+02 1.283745913900004325e+02 4.194422381692573936e+02 5.053529563567585114e+02 1.065743237538506305e+00 2.051600791506257071e+00 9.927813201501427542e+00 1.070624676910440082e-02 4.505955816159789684e+00 5.476026232120169368e+00 1.625032987374213089e-01 3.628733580146043525e-01 5.802371919788263943e-01 3.148765050263303555e-01 1.526482765518946683e-01 3.428520489107501033e-03 3.010215423133181245e-01 9.970703672103092829e-01 7.774333387012849483e-01
7.976693684683363372e+00 6.734410237126047605e+01 3.467297020589862910e+01 4.929325379196271228e+01 1.143063725587124253e+02 1.283791780261510098e+02 4.194538417304996756e+02 5.053443524262291930e+02 1.068386306765406690e+00 2.059563929374438551e+00 9.925321584846180656e+00 1.340533982819079595e-02 4.505993216037247784e+00 5.456117772991928128e+00 1.631902330537300660e-01 3.574262008188397455e-01 5.746353239007064850e-01 3.163299235084528482e-01 1.556490541464858601e-01 1.274693241096675270e-02 3.005689058171287509e-01 9.959979070974630533e-01 8.035155872169120750e-01
7.971758512172411493e+00 6.735162809462332234e+01 3.465385761628500916e+01 4.930077063642427504e+01 1.143108236120810659e+02 1.283782523221301801e+02 4.194435951294172469e+02 5.053428647522050028e+02 1.059235536321110338e+00 2.054588006210127382e+00 9.943985352541282907e+00 8.764953692995918269e-03 4.510704327678008774e+00 5.487317363533755987e+00 1.674483783467584086e-01 3.712042761622121323e-01 5.760837799884340749e-01 3.152416481000679394e-01 1.550946135630106026e-01 1.591534153300175683e-02 3.010005564475224937e-01 9.963529416728241772e-01 7.489234246610749768e-01
7.966186688671055727e+00 6.735931231217612947e+01 3.463242075522827434e+01 4.928586872363777616e+01 1.143144039620051160e+02 1.283789588246831954e+02 4.194498019850699393e+02 5.053450280132525450e+02 1.066108588915405386e+00 2.060514972523253441e+00 9.959465526648431322e+00 1.298139518993623835e-02 4.507542960882909178e+00 5.484738417088117046e+00 1.641285705206950718e-01 3.638162271017091887e-01 5.806997283171166924e-01 3.153290145723581794e-01 1.570847888512821033e-01 9.096507970133701007e-03 3.012202509052046007e-01 9.995788982759058472e-01 7.131173129859089688e-01
7.982536929023668293e+00 6.738747772920997647e+01 3.461304713160475899e+01 4.929457900075362886e+01 1.143142287529095711e+02 1.283428487973654626e+02 4.194207126488337849e+02 5.053654866272775621e+02 1.061114198547581600e+00 2.041814372375178266e+00 9.967093978514007802e+00 1.086984884993739096e-02 4.505276401450196033e+00 5.482388376910396488e+00 1.840716191725386142e-01 3.669294947394881601e-01 5.969413065713558009e-01 3.164944729392278888e-01 1.534212602676132131e-01 1.271752765488050243e-03 3.034397235241555468e-01 9.956853062548658428e-01 6.544794917089052921e-01
7.965753790165711834e+00 6.736230084815113628e+01 3.465819507509333164e+01 4.930266594239125766e+01 1.142828921386084886e+02 1.283683191885219230e+02 4.194642194880432839e+02 5.053680504089680312e+02 1.068034463674654599e+00 2.051673077795807210e+00 9.931813098301141451e+00 1.173715763371298466e-02 4.479590229034378979e+00 5.457893476457395643e+00 1.912411602340479411e-01 3.614832051119588052e-01 5.546263932857049550e-01 3.149607607557824429e-01 1.494182143853745592e-01 1.006910366024982425e-04 3.007669206994829647e-01 9.974920577036299196e-01 8.033967592155705217e-01
7.988233468988871877e+00 6.739234362618246621e+01 3.466627771319850382e+01 4.929306871311235483e+01 1.142806439524246116e+02 1.283537360958785030e+02 4.194638647752986458e+02 5.053560608222413180e+02 1.069810339307972535e+00 2.053877972959212705e+00 9.932444126309123433e+00 1.207144490895999817e-02 4.463149281638281174e+00 5.448554039430354656e+00 1.817621461942541539e-01 3.589125450236633208e-01 5.801287013666625025e-01 3.168039432294477709e-01 1.572577132016868828e-01 4.895840552615687846e-03 2.991606530784051698e-01 9.968070628302556635e-01 7.747573445915172385e-01
8.004431133054678682e+00 6.736809598673519872e+01 3.465219661946629515e+01 4.928267469082957319e+01 1.142916340388214707e+02 1.283567479028262710e+02 4.194785850009127444e+02 5.053682077590876247e+02 1.063355152295163641e+00 2.052994395940745509e+00 9.937739688397682514e+00 9.241996667506085714e-03 4.454110318107156630e+00 5.446114256383297381e+00 1.868250077917090191e-01 3.676148629873776108e-01 5.880137854674236664e-01 3.175559748780373281e-01 1.513720422919567488e-01 4.742166790424033216e-04 3.013473859093455665e-01 9.870491138935973963e-01 7.638747099915862426e-01
8.003444477575031968e+00 6.737169701511251674e+01 3.462425014489242159e+01 4.928564510990747038e+01 1.142985027319047617e+02 1.283545047631728551e+02 4.194547462996044942e+02 5.053748917820136057e+02 1.070701209990777114e+00 2.058875994621133021e+00 9.942570290458451865e+00 9.660086891907266812e-03 4.466006978046465292e+00 5.469199501442796318e+00 1.746593352494173468e-01 3.530200845726290115e-01 5.965063469792302175e-01 3.120141650628489582e-01 1.487591687810198571e-01 6.454346664045003358e-04 2.977628435507699289e-01 9.963943689396100867e-01 7.026510395724708813e-01
7.987209084120332037e+00 6.735488338968694677e+01 3.466177463208759946e+01 4.928681959057672657e+01 1.142932753040789180e+02 1.283631254425875170e+02 4.194652273344698301e+02 5.053695416763655430e+02 1.079899167423405304e+00 2.057645958434866085e+00 9.924994469971755606e+00 1.224130348177055426e-02 4.438157438385047726e+00 5.445437828405467862e+00 1.848420085945073343e-01 3.515129050701920055e-01 5.825666302965322174e-01 3.119768170738562718e-01 1.486406519516909885e-01 1.157782525730273980e-03 2.990034771858106621e-01 9.984997820575073346e-01 7.911030632746312019e-01
7.989109814934598042e+00 6.738041635081800962e+01 3.462251525692924048e+01 4.928049286405700968e+01 1.143184419706639545e+02 1.283455200226051716e+02 4.194416214730939032e+02 5.053889849416510174e+02 1.085230242778626897e+00 2.040477911709554615e+00 9.930445412117858695e+00 1.126525873017393542e-02 4.449028388774434184e+00 5.459731568517091738e+00 1.776919576601671269e-01 3.529531553966293034e-01 5.867822464459458986e-01 3.099688607639414228e-01 1.507969004827124093e-01 1.170589094921471729e-02 2.978082927155105142e-01 9.966767271989206423e-01 6.767845086789954223e-01
8.008073339145333591e+00 6.736230171633455655e+01 3.463257461037750318e+01 4.927310475374723353e+01 1.143299936705063544e+02 1.283466717645591189e+02 4.194579629006321966e+02 5.053815322502759386e+02 1.082733558218118564e+00 2.040558243122674309e+00 9.926549571306182429e+00 1.339072802125946572e-02 4.452268437041653648e+00 5.461916728541748256e+00 1.594465933930429846e-01 3.614415221674767142e-01 5.945836293608367518e-01 3.156809056520652468e-01 1.565436258273765480e-01 1.267415816890263974e-02 3.018182247148790132e-01 9.964372901131267612e-01 7.183040543852230453e-01
8.007703353966087789e+00 6.735993218171265084e+01 3.463672307815676277e+01 4.927516065308504523e+01 1.143352874093704230e+02 1.283355595065549721e+02 4.194540543649867459e+02 5.053829770020905698e+02 1.083243897714834203e+00 2.033019723634547749e+00 9.914168189038075951e+00 1.056271091287815100e-02 4.449470489539491425e+00 5.467348011934721974e+00 1.749677623735495513e-01 3.733383599631964200e-01 5.758125076753151106e-01 3.171432338656972605e-01 1.550697245853036588e-01 2.001298043262829049e-02 3.041769029893587328e-01 9.912308180509076250e-01 7.338916374479481641e-01
7.989327369347211771e+00 6.734933595455208888e+01 3.461355026813179592e+01 4.927725631330847733e+01 1.143335036199956107e+02 1.283406296675849205e+02 4.194611413015283574e+02 5.053670767498655323e+02 1.080604836572854888e+00 2.016773659352958603e+00 9.922862807163923549e+00 1.755910735747267040e-02 4.461521214985836536e+00 5.467574775532948905e+00 1.771581890894156075e-01 3.586385823211156731e-01 5.496652079437850391e-01 3.170427647191599863e-01 1.565461043461436330e-01 2.430135503701034635e-02 3.022909961703991177e-01 9.949886281036282032e-01 7.265855053729800561e-01
7.998367954186422324e+00 6.737235543150568162e+01 3.460652361636017815e+01 4.928747321263705317e+01 1.143459151476549209e+02 1.283262530944155912e+02 4.194312030612719013e+02 5.053509773764138799e+02 1.083448110443313350e+00 2.025077362159036110e+00 9.924048594929647749e+00 1.023748704895445331e-02 4.483850568244721835e+00 5.460718115181362187e+00 1.710831559909397892e-01 3.593554271629113006e-01 5.456625274590427566e-01 3.083949062111791539e-01 1.474249742221384052e-01 3.529553021187809697e-02 2.987005819866263012e-01 9.956367096900620162e-01 6.872620454036687532e-01
7.998494032543495891e+00 6.737415494953860673e+01 3.463928203636577763e+01 4.929555056903723198e+01 1.143206072227469292e+02 1.283285426240513800e+02 4.194738505074623731e+02 5.053361763739646335e+02 1.077558158194400040e+00 2.036859431889787242e+00 9.917470263290837806e+00 1.728338409689546273e-02 4.453268526049693143e+00 5.437224840539859549e+00 1.771272301408041705e-01 3.583976573940995669e-01 5.308521792081523083e-01 3.147679443816197020e-01 1.517967133222238030e-01 5.660742862647170567e-03 3.010702695317803435e-01 9.963264176237330849e-01 7.911200657403607561e-01
8.001620210589537763e+00 6.737703111115641263e+01 3.464027887522527749e+01 4.929164351824903889e+01 1.143314869478933247e+02 1.283317483681602198e+02 4.194609204760384955e+02 5.053635135378132759e+02 1.064459434440624408e+00 2.025609799260765342e+00 9.928718779248169923e+00 1.261195761816072576e-02 4.479330897094778052e+00 5.452724897301674645e+00 2.025607260871502002e-01 3.717782537780022212e-01 5.227836438328070656e-01 3.184103645531033422e-01 1.544247360858038987e-01 6.287878206200340006e-03 3.018446897823424679e-01 9.970924142433980064e-01 7.537218277253121546e-01
8.003724278687387894e+00 6.737000284371738701e+01 3.463551922274245243e+01 4.931473317063682060e+01 1.143474015162336883e+02 1.283191829853328159e+02 4.194552983754746265e+02 5.053572505438027633e+02 1.079163329736036570e+00 2.024470745876863376e+00 9.930280870165358209e+00 1.486309261491090307e-02 4.482103161954696269e+00 5.464080512033405057e+00 2.023577778392482984e-01 3.649668336755996223e-01 5.353096308599342157e-01 3.147509527761200854e-01 1.521081322964428773e-01 1.137247874171856731e-03 3.010406412859168435e-01 9.979650946080770302e-01 7.657475598784511117e-01
8.013390380693314441e+00 6.736483444905634599e+01 3.464457342253001570e+01 4.933263655535301240e+01 1.143377766138930554e+02 1.283045325607535005e+02 4.194728019859944084e+02 5.053720606670707411e+02 1.081646250483102145e+00 2.014604742049609598e+00 9.919491751410534519e+00 1.328644718774411870e-02 4.478937811835614013e+00 5.440856212243728507e+00 1.979389595474485009e-01 3.553132282584931523e-01 5.006394133500360333e-01 3.109352813375210189e-01 1.453345936691058660e-01 8.963114842386396205e-03 2.970950675984256883e-01 9.997907837772888051e-01 7.662653649719743942e-01
8.041833851617335327e+00 6.735296168033120523e+01 3.468589108252943731e+01 4.932980797486641222e+01 1.143180343080756955e+02 1.282844141923498000e+02 4.194856499484004644e+02 5.053802060415237634e+02 1.090369773756595606e+00 1.998016968351130407e+00 9.879595200549882605e+00 1.620167407247101454e-02 4.432713162289754649e+00 5.431777952672780962e+00 1.753758794748138672e-01 3.514538290956694677e-01 5.051783071454046814e-01 3.139490570013646620e-01 1.484324555475434460e-01 1.581194127039091445e-03 2.978122162466779188e-01 9.964174100129390421e-01 8.263988036274070303e-01
7.854814962607640894e+00 6.691855382948226350e+01 3.506530538566435951e+01 4.920046148000506037e+01 1.137565341798985372e+02 1.284828215705950072e+02 4.200114407783484580e+02 5.054220415557522301e+02 1.136331451240698343e+00 2.133587213235281776e+00 9.637104776051497623e+00 3.166113089454453133e-01 4.163723794632176123e+00 5.142529906926763594e+00 2.912916901096059275e-01 3.520373039076764576e-01 3.064126155903472704e-01 3.128558715641968080e-01 1.385437317630760501e-01 4.654737676442905966e-03 2.978352484445679349e-01 9.970046375961585383e-01 2.479064065991585686e+00
7.855116093225491092e+00 6.688174530192985401e+01 3.508006334932332493e+01 4.918121403375035783e+01 1.137806908834483437e+02 1.284772804616615645e+02 4.200223935560281348e+02 5.054637964859448402e+02 1.117295051904183323e+00 2.110964946249093366e+00 9.659383946418651945e+00 2.956634684759159581e-01 4.149915633167606366e+00 5.169187688846108131e+00 3.060543412775582062e-01 3.291758313631774069e-01 3.230198989000555021e-01 3.086825709646080496e-01 1.404613470946741161e-01 8.185899051152894590e-04 2.964208538757308609e-01 9.979513418074711373e-01 2.433620854149733503e+00
7.850447725055692771e+00 6.685718489456472469e+01 3.505817230291804520e+01 4.915980474880525009e+01 1.137771409398980467e+02 1.284682353220402717e+02 4.200097076694802354e+02 5.055040388327781784e+02 1.109588018252626318e+00 2.104053542867601934e+00 9.673927978851407872e+00 2.927681709914898844e-01 4.140699406622576184e+00 5.199811818609468617e+00 3.233070961197584969e-01 3.454389083070651956e-01 3.123301082854504918e-01 3.113999610437919729e-01 1.383100961586842537e-01 2.732150225803376027e-04 2.980030745195932362e-01 9.979488932663793666e-01 2.381887130421314946e+00
7.840425417197452340e+00 6.678334965836222636e+01 3.505535334145298521e+01 4.915826772094055030e+01 1.138012111858591453e+02 1.284658128636332606e+02 4.199966005519544865e+02 5.055703875104072722e+02 1.075102794954867935e+00 2.089332170021738211e+00 9.671403493051483835e+00 2.673637062538217202e-01 4.116253253890472585e+00 5.231488108785070423e+00 3.478971763641685588e-01 3.573624341367357404e-01 3.268885508709031829e-01 3.194426020652741394e-01 1.521287811252717281e-01 1.213609448294525675e-03 3.006171986053024492e-01 9.997819755223061877e-01 2.334431402325466198e+00
7.838110374409056114e+00 6.675750624423150725e+01 3.506949898701853385e+01 4.917329945595302121e+01 1.138371705595724137e+02 1.284730387836928571e+02 4.199798188299266144e+02 5.056103788208789069e+02 1.063308498614236708e+00 2.062781845038761386e+00 9.681395820875133396e+00 2.447923322862473883e-01 4.098594054544029142e+00 5.259885685079287221e+00 3.438366135475524055e-01 3.459127936136929815e-01 3.285638253630148164e-01 3.137502256478674201e-01 1.539975443383121700e-01 1.707885728552180956e-03 2.977979494605764166e-01 9.980276680673214607e-01 2.268434410467091489e+00
7.796189932179015791e+00 6.667480884528720253e+01 3.506159674239320623e+01 4.914170337093765539e+01 1.138589551037300396e+02 1.284231950323043066e+02 4.199484494442414757e+02 5.057237198742720352e+02 1.052182575917357310e+00 2.047538845618332104e+00 9.701936143813336244e+00 2.110586262239492750e-01 4.086434024617134675e+00 5.286982864974472562e+00 3.726423932226878843e-01 3.493820629960462387e-01 3.368331948883563909e-01 3.155080910000495620e-01 1.555860417471595647e-01 1.115912951485530926e-03 2.985851126922670074e-01 9.992707783764303020e-01 2.164396223791061669e+00
7.775266856462972775e+00 6.660575338228039755e+01 3.507735080130761673e+01 4.913895503407698584e+01 1.138992936506257507e+02 1.284162449430292838e+02 4.199100577877400724e+02 5.058176481259949355e+02 1.042042727194055995e+00 2.023361933377092026e+00 9.743807524329909597e+00 1.810679025021376121e-01 4.047675218888130644e+00 5.348482487430939791e+00 4.037007368442516175e-01 3.645175618344605462e-01 3.479259583444557213e-01 3.205297652105495443e-01 1.596066115191033807e-01 1.168696463039416589e-03 3.027123808922115300e-01 9.992581657651945504e-01 2.040551799994839932e+00
7.697320625377171766e+00 6.635240484999935973e+01 3.508678464617752013e+01 4.909804784898832963e+01 1.140046602897542130e+02 1.283759525779156832e+02 4.198465357386177175e+02 5.061386550963042623e+02 1.003968105423405532e+00 1.942019669815214788e+00 9.841008314132503543e+00 6.658442656533623827e-02 3.984654394617989315e+00 5.502855211320543560e+00 4.919470542022749693e-01 3.770008472183453141e-01 3.967707957480593461e-01 3.214447101492524106e-01 1.685993538662051150e-01 1.417695602358143682e-04 3.042735508290165813e-01 9.996199400807261881e-01 1.680681804214135378e+00
7.633205383252422038e+00 6.614674582882551590e+01 3.511139462210346096e+01 4.909750515527859704e+01 1.140732731802229267e+02 1.283739677656935783e+02 4.198203641756673505e+02 5.063660725627905776e+02 9.968388234490577204e-01 1.877503520127560499e+00 9.935480123111908313e+00 9.907867978965400821e-03 3.871770544007834491e+00 5.631917158497714126e+00 5.545943666974276764e-01 3.936505908213093763e-01 4.589803455599745230e-01 3.237558758375482793e-01 1.678744154912784337e-01 2.412111001170809746e-03 3.053945621534927546e-01 9.987630116937963320e-01 1.377958323873641255e+00
7.618030079555143885e+00 6.606705036450719604e+01 3.512171289513471351e+01 4.908962575727404243e+01 1.140979928731946558e+02 1.283785916682954564e+02 4.197937237152891043e+02 5.064458067164132444e+02 1.007540143280182932e+00 1.857680398637144625e+00 9.963288844834101710e+00 4.611058396044337426e-03 3.864681736525590328e+00 5.649326405977430632e+00 5.755831655757214227e-01 4.070770944529664148e-01 4.652014763958607912e-01 3.244261520821904998e-01 1.715660546513022022e-01 2.081244888854505079e-03 3.075513489805389300e-01 9.947013068282796189e-01 1.268826480512493582e+00
7.590807824726361730e+00 6.594643007121690914e+01 3.514822086622020691e+01 4.908820358578034160e+01 1.141283189903639368e+02 1.283806093644472810e+02 4.197727887616255202e+02 5.065766543479537631e+02 1.022581034211999640e+00 1.827927622602098623e+00 9.989745650863433468e+00 4.997587029540947329e-03 3.828447756993174966e+00 5.736397480675140770e+00 6.123729816311467289e-01 4.200102306939244023e-01 5.033090257177862403e-01 3.317244657777375649e-01 1.746395377795218196e-01 3.538332271670739226e-03 3.133448093802685963e-01 9.968323746409715191e-01 1.076979071984503378e+00
7.597188521963174068e+00 6.596408197490751490e+01 3.516154638521652487e+01 4.909529150624884863e+01 1.140998602656913761e+02 1.283931602387839632e+02 4.197631400666676313e+02 5.065976026723122345e+02 1.050427131300538663e+00 1.837605045846686380e+00 9.993835310443158093e+00 1.072246647322787523e-02 3.784654475800307782e+00 5.726134360351447405e+00 6.197989238877755769e-01 4.125443426794753177e-01 5.000631200811938015e-01 3.347524517821591217e-01 1.770703958171402359e-01 1.689870487332869155e-03 3.119695986343043459e-01 9.976271071481694896e-01 9.902317222130329055e-01
7.589166574388118036e+00 6.593696442780850475e+01 3.516948967389480174e+01 4.910845963804570147e+01 1.141114847724253423e+02 1.283814008229477110e+02 4.197496862150370021e+02 5.066575701649404095e+02 1.057090230218912019e+00 1.851594243097915982e+00 9.982354026318251528e+00 8.184282902010762278e-03 3.749122703870551465e+00 5.731404943199371438e+00 6.404189711690688736e-01 4.196336481525291262e-01 5.024375264525395846e-01 3.314198383330076991e-01 1.731539539607220013e-01 1.884346392180975696e-03 3.149299441973563152e-01 9.962219187526777375e-01 8.712837991411807037e-01
7.589735406195790901e+00 6.591884223610971105e+01 3.517600455281397132e+01 4.910361554981914622e+01 1.141138134055443061e+02 1.283784708989585681e+02 4.197433076931113192e+02 5.066808623919254728e+02 1.066871583765219178e+00 1.842747968467056241e+00 9.981958950571510059e+00 9.972123208892035018e-03 3.764444667914440767e+00 5.731316319709960361e+00 6.410930441722690887e-01 4.012021482119101368e-01 5.220719655532605197e-01 3.232439831565333543e-01 1.662077678580305418e-01 8.218867527085551780e-03 3.112194830046501326e-01 9.993201460201469599e-01 8.345283173945896582e-01
7.580489334428651027e+00 6.590726047760720974e+01 3.517899723137296775e+01 4.909614301477726883e+01 1.141021940153894434e+02 1.283765842557221220e+02 4.197331931399922382e+02 5.066950861777423825e+02 1.064474596084819202e+00 1.871428188766781853e+00 9.998599121404369683e+00 1.032582157411801073e-02 3.749617732511442370e+00 5.734087131114289804e+00 6.366156669972832249e-01 3.791328029857273796e-01 5.286791768475845865e-01 3.217383193787535789e-01 1.610346809958189129e-01 2.408057080757543787e-03 3.040685076477788185e-01 9.982680718026376576e-01 8.256309254769882422e-01
7.570483335733988461e+00 6.590123203552451514e+01 3.519321624878725174e+01 4.911157219807536478e+01 1.140966273950837717e+02 1.283809449618991607e+02 4.197274803796407809e+02 5.067093443655559781e+02 1.091145069154062286e+00 1.876076236386274632e+00 9.972889844721855468e+00 1.227339342715902046e-02 3.754904484129868880e+00 5.725090866465825101e+00 6.354015609296066458e-01 3.772549346354639455e-01 5.279749896942713683e-01 3.246974580586496351e-01 1.596697275365379365e-01 1.339566618465639096e-03 3.050421893332841972e-01 9.973545218282514613e-01 7.728325606309398577e-01
7.572776645827518749e+00 6.591846456099601426e+01 3.521377479393573395e+01 4.912726587305824921e+01 1.140754228008065354e+02 1.283765174699350666e+02 4.197375125400635625e+02 5.066709556535559500e+02 1.105610612489637656e+00 1.890794806844536380e+00 9.974458841877176241e+00 1.491118077547468924e-02 3.773801345595230394e+00 5.710338803821958464e+00 6.098971820368489505e-01 3.794713655164179689e-01 5.182291927139129895e-01 3.242070619152319644e-01 1.684342857094273949e-01 2.523887526475187409e-02 3.053213986728325335e-01 9.975305007453841855e-01 8.141606690257393586e-01
7.563822664197344281e+00 6.591203165342129466e+01 3.520732746349158049e+01 4.912388983316326119e+01 1.140814931310341080e+02 1.283942653002885663e+02 4.197231066463522211e+02 5.067013513983305302e+02 1.095626156198406198e+00 1.916082081878005106e+00 9.977356742264852585e+00 1.504472075207015716e-02 3.774607823908460169e+00 5.731584238057702230e+00 6.176294492896637900e-01 3.767086819385558893e-01 5.410790396788889289e-01 3.263612511110197123e-01 1.675570000133008719e-01 7.904342747687052861e-03 3.056599933870658425e-01 9.908193865675539724e-01 7.744683323548383624e-01
7.586784007584773448e+00 6.589244343084918398e+01 3.519716847444583863e+01 4.908809757548809927e+01 1.140827847841205198e+02 1.283969492338388250e+02 4.197320977166785383e+02 5.067383510634226695e+02 1.089586171711772078e+00 1.912960331675944481e+00 9.993956209525448386e+00 7.145500122488250387e-03 3.757585327691329358e+00 5.740036982094896878e+00 6.309328027010059348e-01 3.863972992788627381e-01 5.483017755504486779e-01 3.204000813593529950e-01 1.581104346858556164e-01 9.224528418910148825e-03 3.060498866754243208e-01 9.985392502927296077e-01 7.531854599788052607e-01
7.593463599701898659e+00 6.589665196768113731e+01 3.520659831222301506e+01 4.908628290943426009e+01 1.140729207971996289e+02 1.284150955310097970e+02 4.197318028149408065e+02 5.067288666263437449e+02 1.115076421668483420e+00 1.934784246449262390e+00 9.994710701615373338e+00 1.117780832447087987e-02 3.746508588249275462e+00 5.723314870466772675e+00 6.292233573325062279e-01 3.739800021396465501e-01 5.593751306966583403e-01 3.238337170713503910e-01 1.564047684326285992e-01 7.542739887011610557e-03 3.054534981775375857e-01 9.989385967029992264e-01 7.459970707744127960e-01
7.622023609564391400e+00 6.593077435018398091e+01 3.519085599009841303e+01 4.906844076129377896e+01 1.140441051892004225e+02 1.284242704594060172e+02 4.197460848482801339e+02 5.066917439102867320e+02 1.127383928770811616e+00 1.968228564480378751e+00 9.982107939142560227e+00 1.234557720373299569e-02 3.772804624841713750e+00 5.715937083525636453e+00 6.210332773516302751e-01 3.620225145795907817e-01 5.659343503771513406e-01 3.143695924805866015e-01 1.453448724705516115e-01 3.145974928309799856e-03 3.040319611840865410e-01 9.975526804126884084e-01 7.954358124524421036e-01
7.640610117452061978e+00 6.596275873348777452e+01 3.519763079284478380e+01 4.906130452009701770e+01 1.140464935762911125e+02 1.283929158953477270e+02 4.197564169312058766e+02 5.066732127346120933e+02 1.120482898696858243e+00 1.947116295023071597e+00 9.992142017292911405e+00 9.533132717066870876e-03 3.795026932552409082e+00 5.707470193362166100e+00 6.152994608820014921e-01 3.734286365098062888e-01 5.667851048128219604e-01 3.200254184926241141e-01 1.538771647307143331e-01 1.518352252501588588e-03 3.048857596264418213e-01 9.968686003203934831e-01 8.566839912799715240e-01
7.639868139165431948e+00 6.592713261236445987e+01 3.520763318678715592e+01 4.905946330659227073e+01 1.140358133551210784e+02 1.283939464359669387e+02 4.197544098972188635e+02 5.067139622104438104e+02 1.130348415629836234e+00 1.947097754110489465e+00 9.988135665826424869e+00 9.647706767636904379e-03 3.780632280342309581e+00 5.736248290474685874e+00 6.307567279882880795e-01 3.735529725555437053e-01 5.797708566663055674e-01 3.211421097392724300e-01 1.530174207327996971e-01 1.114745022376806109e-02 3.050427376892126952e-01 9.969836579768226459e-01 7.815956589199793969e-01
7.630786710664577477e+00 6.592422964825493636e+01 3.521469801576855474e+01 4.906448882811380230e+01 1.140502150005609963e+02 1.283923300284457412e+02 4.197433684916650236e+02 5.067237475739595425e+02 1.130229586347711646e+00 1.978086378717300864e+00 9.993589786664429653e+00 1.058502051457883668e-02 3.784659358572133314e+00 5.731263436849865833e+00 6.352314364079859610e-01 3.760049976605371880e-01 5.651186269948174079e-01 3.213394842524143757e-01 1.516943250290478662e-01 3.692242197039754398e-03 3.061936594786474619e-01 9.957426902707011696e-01 7.712458822710883677e-01
7.633350973863318067e+00 6.595467567946344900e+01 3.521619940493599898e+01 4.908446614684049081e+01 1.140342663548497200e+02 1.284013227252462173e+02 4.197450765946847469e+02 5.067065158578224100e+02 1.152163941083582444e+00 1.983636197515711519e+00 9.993506198686068487e+00 8.770845837230903733e-03 3.806023750958258400e+00 5.728911975655611499e+00 6.234325506277690332e-01 3.777341683912797676e-01 5.470226473711322646e-01 3.245846268654917210e-01 1.520324005197991046e-01 1.431941622387846932e-02 3.042660935552689017e-01 9.956451546375764128e-01 8.033871750104137899e-01
7.631397515174263013e+00 6.594541404961958619e+01 3.521440089639002480e+01 4.909247615349806892e+01 1.140330010508929064e+02 1.284038411558187818e+02 4.197616394513383966e+02 5.067116109766496379e+02 1.144218408748765681e+00 1.990230638351694115e+00 9.997761132064937328e+00 1.329530402701495882e-02 3.819089353228945605e+00 5.714546053969113082e+00 6.172183226120367960e-01 3.681844672422328046e-01 5.382864462707581676e-01 3.214905641036094330e-01 1.512657403371249765e-01 1.678479801759214657e-02 3.042428976053308531e-01 9.994755510109177843e-01 8.121440593877188308e-01
7.628687773365827596e+00 6.594033152916207996e+01 3.521060714755238052e+01 4.909006117478046605e+01 1.140547338956018990e+02 1.283938110146244185e+02 4.197720811903811864e+02 5.067455031411926711e+02 1.137067717171190484e+00 1.952710301782130120e+00 9.994503812581795543e+00 1.492277551187701050e-02 3.812652914399401904e+00 5.719829965505342173e+00 6.326073582348952229e-01 3.648105020579976987e-01 5.386855843584292813e-01 3.187967144106619299e-01 1.515227673381367157e-01 7.027431841284891359e-03 3.041709710334565830e-01 9.999451642488531578e-01 8.066422730662246021e-01
7.632312576231402801e+00 6.593887694091853291e+01 3.521137270176123479e+01 4.906984202597886480e+01 1.140588183304534624e+02 1.284075087562935948e+02 4.197729351697004176e+02 5.067324022023956331e+02 1.119528238934434539e+00 1.949161808821737951e+00 9.995694271154127009e+00 1.561273232196434303e-02 3.823523234374537338e+00 5.711463217758684152e+00 6.413755277048168724e-01 3.595778300826164564e-01 5.230012833907214942e-01 3.196951044103636397e-01 1.516164980849324939e-01 4.267154458754977148e-03 3.022536008733941459e-01 9.982192724526808281e-01 8.180493300052501526e-01
7.631046646637584807e+00 6.595805528344402546e+01 3.521842436704142187e+01 4.906249437642294708e+01 1.140306680284578960e+02 1.284021922472047379e+02 4.197669301822518833e+02 5.067261305192349141e+02 1.119681781498606421e+00 1.961272305709553354e+00 9.988037272531006039e+00 8.304134457531236330e-03 3.820173881916280489e+00 5.701916899837832453e+00 6.356939893779618433e-01 3.699421933030560550e-01 5.119831767107115850e-01 3.155594998579971944e-01 1.489313274431298129e-01 8.561530908479213220e-03 3.001335715166679186e-01 9.997646781516685843e-01 8.358404231942256901e-01
7.621736530191386194e+00 6.592285716573780974e+01 3.521672258560113988e+01 4.905330938027052667e+01 1.140283237121114581e+02 1.284100919317113778e+02 4.197488583748190081e+02 5.067781254954761039e+02 1.101529439810267741e+00 1.994312016816482069e+00 9.964854114023344422e+00 1.444921580777993979e-02 3.811528465171307278e+00 5.705671234832380811e+00 6.410036656977795566e-01 3.831312792363458231e-01 5.060247377993273288e-01 3.220574857655750800e-01 1.579906118452034935e-01 4.072005651423624313e-03 3.071612662408189642e-01 9.921956077752512870e-01 7.902416027576242286e-01
7.629206662416549989e+00 6.594123993767118463e+01 3.522177282275724508e+01 4.906962782524098543e+01 1.140404517867484913e+02 1.284200442329009491e+02 4.197721083451683057e+02 5.067275611985225510e+02 1.104747131721829367e+00 1.978106646499876220e+00 9.941920112879902405e+00 1.989608587589776836e-02 3.839431586119677053e+00 5.694543676752513939e+00 6.115859785103529012e-01 3.632793980713819870e-01 4.965411480783119558e-01 3.221663966855489170e-01 1.563917569181269285e-01 4.277705953496908735e-03 3.027195737981961399e-01 9.983186933226797510e-01 8.295899781967158715e-01
7.637048266302017829e+00 6.591093495328495067e+01 3.523591925851577145e+01 4.905048279576186587e+01 1.140323219801181409e+02 1.284395188780989940e+02 4.197622356483004751e+02 5.067598230359130866e+02 1.096996061895315844e+00 1.974781029062636417e+00 9.955933085457965959e+00 1.373752512058822040e-02 3.804221391341648939e+00 5.714781200749339263e+00 6.164068904215213029e-01 3.593176558817007260e-01 5.166143118636991050e-01 3.176862638899871083e-01 1.540271118560334052e-01 1.210567635756120124e-03 2.996872614000847812e-01 9.913825614643163586e-01 7.924471687379126550e-01
7.663832432969229558e+00 6.587917164104806034e+01 3.524292774752172619e+01 4.905754222675442122e+01 1.140130305436937448e+02 1.284475469745187866e+02 4.197555250735475170e+02 5.067868018537303101e+02 1.115789826000506357e+00 2.005351373060950237e+00 9.986574959001288221e+00 1.481295102669679190e-02 3.786081398648972751e+00 5.717192838943282673e+00 6.354912361156407341e-01 3.550885799616157468e-01 5.355284515052253225e-01 3.168602456652730992e-01 1.564185398137940552e-01 1.338680019702396910e-02 2.990838229388751435e-01 9.992186354495012912e-01 7.498120878221488095e-01
7.661128974254395985e+00 6.586640092052948603e+01 3.527829432002749854e+01 4.905875215561746217e+01 1.140184351253124504e+02 1.284481768383901681e+02 4.197525988454067942e+02 5.068077196230863706e+02 1.134428281146128814e+00 2.005572423133915816e+00 9.986537804154371756e+00 1.088126662503820230e-02 3.772571952935636297e+00 5.710224443211616041e+00 6.286213485841499748e-01 3.711870287877811481e-01 5.420512652817648380e-01 3.205138695821365680e-01 1.533720284074456541e-01 3.512480822373007482e-03 3.028455999516184716e-01 9.995891682667206180e-01 7.347002564852402884e-01
7.661871889379755274e+00 6.586556490379625473e+01 3.529354585835519487e+01 4.905289676007744504e+01 1.140009109505668619e+02 1.284381390835769139e+02 4.197548997596117033e+02 5.068206633425971290e+02 1.146503574212918375e+00 2.017561086949059224e+00 9.987042382121048334e+00 1.267074678775973080e-02 3.786192150953617386e+00 5.676547041442852937e+00 6.005668417710000595e-01 3.539531217132403929e-01 5.118248091420515289e-01 3.134958849759175159e-01 1.408468914982705655e-01 9.628702142377442569e-03 2.988676371860788383e-01 9.958845296332538011e-01 7.526444119222130968e-01
7.658374428937947620e+00 6.581185029080906190e+01 3.530033567648357717e+01 4.904545673854072163e+01 1.140164748376371904e+02 1.284269927850231170e+02 4.197355749258196056e+02 5.068919814751063200e+02 1.159349860518894548e+00 2.049652830990817964e+00 9.999326325202593679e+00 1.334738237300532419e-02 3.752303993048449637e+00 5.684657484017897389e+00 6.074377488659645774e-01 3.622304050030181743e-01 5.293058620553769966e-01 3.174557201915141347e-01 1.491939047186161549e-01 1.305910664675908120e-02 3.023387055648519839e-01 9.899110672163624614e-01 6.534470878530900251e-01
7.682749346493392473e+00 6.584629263802831645e+01 3.531160635834933714e+01 4.903130060136435731e+01 1.140132575929252425e+02 1.284340240590688893e+02 4.197534992208605331e+02 5.068511062490883887e+02 1.139091656444607192e+00 2.055793464729494424e+00 9.978176267737959293e+00 1.921662390772605616e-02 3.777807051378188063e+00 5.690149890548837242e+00 6.125497821499907847e-01 3.325692214664365820e-01 5.388197335687000544e-01 3.128668499152630900e-01 1.420275924199419226e-01 7.473392468805292038e-03 2.980712202750069317e-01 9.947254573015691381e-01 7.055612505456364536e-01
7.688628992812368779e+00 6.583563352190174101e+01 3.532693885529202049e+01 4.903815356405515047e+01 1.139951560986525152e+02 1.284262171341089527e+02 4.197679336159838499e+02 5.068865710077504332e+02 1.163769497589062007e+00 2.065263101774577059e+00 9.993139226061261482e+00 1.623251932670130918e-02 3.741241515685729713e+00 5.694374137959828275e+00 6.261972709091251366e-01 3.316150905871507737e-01 5.671895762269415497e-01 3.126988758729742357e-01 1.425422524904862154e-01 1.841626368686264965e-03 2.975558814028165244e-01 9.963873554646344166e-01 6.700141558341901060e-01
7.698598497068861235e+00 6.589258680529738399e+01 3.530464256114376553e+01 4.904496346967221854e+01 1.139949958664453789e+02 1.284141898344840342e+02 4.197885077914518206e+02 5.068235572306303993e+02 1.136182396074031153e+00 2.077365153518230478e+00 9.955392528456750156e+00 1.238134419239859257e-02 3.749269836889150831e+00 5.663871393076025385e+00 6.131401291289156896e-01 3.400280679496708314e-01 5.633556490939847228e-01 3.131206898183090392e-01 1.409521622208098623e-01 1.002742357830423668e-02 2.967528275713489649e-01 9.975208676545375130e-01 7.820601774793923822e-01
7.693941605873576783e+00 6.587493738508921126e+01 3.527015431050844541e+01 4.902502343180141509e+01 1.140083743007741077e+02 1.284050232717563631e+02 4.197671625163276872e+02 5.068502170630168280e+02 1.117940130104034147e+00 2.060790534348225123e+00 9.955366883210615470e+00 7.527183460266919854e-03 3.741491621116911581e+00 5.679216132430293662e+00 6.242230630062481911e-01 3.531509595841699212e-01 5.457370698436901924e-01 3.135992331766923047e-01 1.471879737280869238e-01 9.229388873533764248e-03 2.948214309749253581e-01 9.962731197896907975e-01 7.668525830402114218e-01
7.714960803180979987e+00 6.590970764047381181e+01 3.527088206423992034e+01 4.902312043489471449e+01 1.139873543439717594e+02 1.284141374101006647e+02 4.197767550256905338e+02 5.068270181606338269e+02 1.126381561577874280e+00 2.104898114737496773e+00 9.945344882922361407e+00 1.105014792739069350e-02 3.753110425903880554e+00 5.665755054868925278e+00 6.050103303437815994e-01 3.506529928716383693e-01 5.527900746536891230e-01 3.172833941311797301e-01 1.465951602840009638e-01 3.360876894268979669e-03 2.978615856321854549e-01 9.984824560548354322e-01 8.428868742834315642e-01
7.722269150652206093e+00 6.584786462378366423e+01 3.529478388075894202e+01 4.902187496718069326e+01 1.139958072022247109e+02 1.284266167819806128e+02 4.197603689289482531e+02 5.069193010440018270e+02 1.154329877204480326e+00 2.124835692719329483e+00 9.960946537970036374e+00 9.861774292593850424e-03 3.721986230653732353e+00 5.684477049864798737e+00 6.167152679629758216e-01 3.522178611790046654e-01 5.689171417815197529e-01 3.157924642477178412e-01 1.434919011341095896e-01 3.824534708419143319e-03 2.989758848105372735e-01 9.972897066341454009e-01 7.010774530479084721e-01
7.740103871426177840e+00 6.590854911279730288e+01 3.527787209303749449e+01 4.905618504079439646e+01 1.139803035340288488e+02 1.284426192373870776e+02 4.197666593501398893e+02 5.068264482197317875e+02 1.152460631110369782e+00 2.090839709015267278e+00 9.930933029637932563e+00 1.349718411294055162e-02 3.765637093869267815e+00 5.623640077707934282e+00 5.945163839693530239e-01 3.486178367163225156e-01 5.645642695707930869e-01 3.138924505566764722e-01 1.434033625855226923e-01 3.272910148868934509e-03 3.001583240790529072e-01 9.954788338040974072e-01 8.111521400753578526e-01
7.725896896495592969e+00 6.589352921696094256e+01 3.530804082255155407e+01 4.907484194753624962e+01 1.139814696051259375e+02 1.284461699329896476e+02 4.197588881692237806e+02 5.068392253768535056e+02 1.168259758054484010e+00 2.091073584952785502e+00 9.931591063621389992e+00 1.404767923547981141e-02 3.760771372526521716e+00 5.641798282686769639e+00 6.016843470858320719e-01 3.474553793079849795e-01 5.513862642102340672e-01 3.151716771332006561e-01 1.434346182348405496e-01 9.324217454721771617e-03 3.004005939814852755e-01 9.975747574165105824e-01 7.695921438411804649e-01
7.763570263919597814e+00 6.588008349374271688e+01 3.534974696628154334e+01 4.906168567047976836e+01 1.139627822843342670e+02 1.284485832211353227e+02 4.197558340977005855e+02 5.068824105974565555e+02 1.156447949835885725e+00 2.104295801423978318e+00 9.941641248181481316e+00 1.255790492791954496e-02 3.770522913096583828e+00 5.634368274403154686e+00 6.134674653373159980e-01 3.395703980417753565e-01 5.369563279669785638e-01 3.114497429679509155e-01 1.363418219079410576e-01 1.604136973447868250e-02 2.969000268175021051e-01 9.931393641947923179e-01 7.548697460861069075e-01
7.785294785168996867e+00 6.589150987965000184e+01 3.534138793315687366e+01 4.906162883775675709e+01 1.139224927966448178e+02 1.284689334893704995e+02 4.197777541278326794e+02 5.068906124807828064e+02 1.176136121953492708e+00 2.116639993129968200e+00 9.942738695663067006e+00 1.586466516916240979e-02 3.765200868380775834e+00 5.613132904592863071e+00 6.079196899933860809e-01 3.360832723676601130e-01 5.419376856821389588e-01 3.128685478082531279e-01 1.398616364841441528e-01 3.612265258750536109e-03 2.971977560537459317e-01 9.962743566453486910e-01 7.646738452263671659e-01
7.791838742746509006e+00 6.587707903681165078e+01 3.534704607729629799e+01 4.904727264403850029e+01 1.139159487816097283e+02 1.284704238080995822e+02 4.197935026613843092e+02 5.068898763676814383e+02 1.182766434175601900e+00 2.125962720864916999e+00 9.954528504709019288e+00 1.722164549265708597e-02 3.782096788632369311e+00 5.586024449955641735e+00 6.032351196308797237e-01 3.244279129516746685e-01 5.202107958620706407e-01 3.118527654159039542e-01 1.350352016478785777e-01 1.315377099995949060e-02 2.944310128440292829e-01 9.951586124083177110e-01 7.582585334980647129e-01
7.811434166888990838e+00 6.586157978601100638e+01 3.536766814967640471e+01 4.902754657247560033e+01 1.138963058114905351e+02 1.284810539383888681e+02 4.198182872928053371e+02 5.068914239082993163e+02 1.214951648803211492e+00 2.146612687990463453e+00 9.930218287054531245e+00 1.825697409236258853e-02 3.785469548527458983e+00 5.558671191294627612e+00 5.931901550638140064e-01 3.184202994729534164e-01 5.312821246988376211e-01 3.057663921547187358e-01 1.343222781354976580e-01 8.987496477790580737e-03 2.931867403183117671e-01 9.983197290979189953e-01 7.835503443379590038e-01
7.797393610943180065e+00 6.585625274250865857e+01 3.538630651082152667e+01 4.902759167835403531e+01 1.138919260940260614e+02 1.284945136252701445e+02 4.198112951172451517e+02 5.068974946453439543e+02 1.227210116861600087e+00 2.160915198340939369e+00 9.950354114512164116e+00 1.508446708674783185e-02 3.787141074446196853e+00 5.548428117817673311e+00 5.907218165450611735e-01 3.268548959123981357e-01 5.417834204894108607e-01 3.103395166105909486e-01 1.284161887259145651e-01 8.641371412304398427e-04 2.957902562472061736e-01 9.993790983778796377e-01 7.607083032028529868e-01
7.802919175776911409e+00 6.585319069748267395e+01 3.539242858439199324e+01 4.902093530983250247e+01 1.138972495171616117e+02 1.284750034696133412e+02 4.198164931021110533e+02 5.068956752062669011e+02 1.218938524889888519e+00 2.151170402904419188e+00 9.966589155265499045e+00 1.022744683602212420e-02 3.776496962428125048e+00 5.563426878979631063e+00 6.062720443668281334e-01 3.300587409308470832e-01 5.463746302561061086e-01 3.096269928086649026e-01 1.237638957485917707e-01 2.756335314008263350e-03 2.938735056399460754e-01 9.967591481971425083e-01 7.585922940445594120e-01
