7.930301523146031428e+00
6.701318199130056996e+01
3.514173728081112102e+01
4.927071974252685749e+01
1.137141931257995964e+02
1.284522270655866407e+02
9.538569409840219393e+00
3.036832232004875176e-01
4.114166933273136095e+00
5.144089687910928355e+00
2.990334690433339437e-01
3.092337524614900413e-01
2.486766893098509845e-01
2.872837235192628458e-01
1.043555669986788864e-01
1.503812153605632931e-02
4.200103010192685247e+02
8.538474056827101322e+01
1.241378161714638884e+00
2.107781506539918581e+00
2.661505260467699197e-01
3.756472399048971234e-01
2.682766051744728042e+00
