9.218466956563656112e+00
5.761789129321070391e+01
5.523291833086656055e+01
3.070807281781506859e+01
7.779918438897159660e+01
1.226206418564162703e+02
4.486711593823355315e+02
5.002958708636548408e+02
1.594884512279458599e+00
2.128687694105688255e+00
9.421063923152768638e+00
1.751125037824930938e-02
1.210024765542129094e-01
1.905188225638432958e-02
1.057926497981825920e+00
3.465948917319723321e-01
4.200649622097136215e-01
4.614815399322900746e-01
2.654269453274110124e-01
1.058076380773470826e-01
3.220614252385198828e-01
9.992290948179300969e-01
9.567817341101498840e-01
