ts0__FREE	ts1__FREE	ts2__FREE	ts3__FREE	ts4__FREE	ts5__FREE	theta0__FREE	theta1__FREE	y0__FREE	y1__FREE	lambda0__FREE	lambda1__FREE	lambda2__FREE	lambda3__FREE	lambda4__FREE	p0__FREE	p1__FREE	p2__FREE	p3__FREE	p4__FREE	beta__FREE	fD__FREE	r__FREE
1.400032384492197046e+01 5.542475783367864750e+01 4.843245847513107805e+01 5.255933899433109247e+01 8.267244802456301045e+01 1.410537741534148495e+02 4.499993984174433876e+02 5.118914676355848314e+02 1.151473108818468205e+00 2.182626811226171082e+00 6.336895022840564273e+00 3.811565654643452206e+00 3.297169478565616263e+00 8.863581097839974277e+00 4.485247604266272781e+00 4.861624075283233481e-01 3.685813105772632325e-01 4.390947344188906865e-01 2.937602929901985682e-01 1.071037681654978674e-01 4.111049408022295903e-01 9.997479396405449803e-01 5.297260479561125557e+00
1.401001351600825906e+01 5.542656292655933470e+01 4.843688021335816529e+01 5.255043175715525194e+01 8.266516925338159183e+01 1.410443822961615297e+02 4.500036196500296910e+02 5.118798156893489590e+02 1.153834549076835581e+00 2.188547679593307649e+00 6.345794079954744760e+00 3.805870916659932046e+00 3.299087669923235211e+00 8.856646244022780223e+00 4.481724870932747073e+00 4.837991086534545460e-01 3.657333373625584749e-01 4.391020609087543658e-01 2.896449996354080181e-01 9.834228523595628380e-02 4.095649353716673824e-01 9.993419457662693350e-01 5.287142021448890006e+00
1.401693920400748006e+01 5.542941441556153848e+01 4.844239693172377770e+01 5.255796169065889245e+01 8.267882940072185249e+01 1.410382436581296872e+02 4.500088043866295493e+02 5.118695865702171091e+02 1.148536460726752084e+00 2.184317818607295347e+00 6.342301545034007226e+00 3.806550199022677106e+00 3.308453855854049941e+00 8.867465296330472313e+00 4.493744358522527627e+00 4.853531650742981540e-01 3.650311066998979115e-01 4.380255537703856561e-01 2.889414871976327959e-01 9.836367504732729250e-02 4.101957362810074725e-01 9.998402762122104992e-01 5.265802913437371835e+00
1.401297337139427235e+01 5.542555512400092965e+01 4.843334773772939172e+01 5.256936909586048046e+01 8.266396284184851595e+01 1.410273824616336924e+02 4.500070356695537157e+02 5.118678931428645456e+02 1.158262657790372741e+00 2.194029130712521258e+00 6.343333196363288629e+00 3.792872602955654315e+00 3.304571981001402925e+00 8.854654368487929972e+00 4.490026120977882229e+00 4.801530904925653820e-01 3.680253197461978432e-01 4.392733448172073119e-01 2.924437715309838315e-01 9.535201250703839726e-02 4.081715912588527728e-01 9.994973024554705265e-01 5.234585628873809071e+00
1.403480232919072357e+01 5.541222775060747807e+01 4.844745333854896074e+01 5.256751642551603254e+01 8.267301957770072818e+01 1.410195989963881686e+02 4.500122285849365653e+02 5.118588461099098481e+02 1.173797834632059889e+00 2.193351168994994715e+00 6.350747397082560752e+00 3.788057767337589254e+00 3.295599038152097204e+00 8.848475331962360357e+00 4.484179449165448972e+00 4.813634609980165791e-01 3.687169155680122823e-01 4.391410535449443708e-01 2.908572988545813920e-01 9.033028318703910375e-02 4.091748774075616990e-01 9.993941127819750969e-01 5.198716175109778348e+00
1.404375662997073171e+01 5.540647251357651015e+01 4.844572802148494617e+01 5.257009140197422425e+01 8.266676991730757607e+01 1.410233570120524007e+02 4.500091267027479489e+02 5.118487929138075287e+02 1.189899385290712042e+00 2.196589905760654382e+00 6.360950152913437350e+00 3.785422506915689933e+00 3.306213465250452899e+00 8.856012764028353246e+00 4.466963643281570029e+00 4.720007295307933060e-01 3.635388705838859535e-01 4.348358434544098983e-01 2.848264926876100112e-01 8.991122702544876444e-02 4.045052962888068260e-01 9.998684707479617018e-01 5.155556067605931325e+00
1.404770654143759856e+01 5.537870560642234352e+01 4.846604606112615699e+01 5.258012678933946660e+01 8.265935750568463902e+01 1.410048655374559985e+02 4.500261226334482103e+02 5.118281417709135326e+02 1.203522685626191802e+00 2.202426825351542661e+00 6.375852597724306570e+00 3.780708876805301433e+00 3.315101562960783177e+00 8.851524969154372258e+00 4.456572554004487152e+00 4.695384313679529797e-01 3.635263184354078358e-01 4.341877024073161340e-01 2.768230453685705528e-01 7.406862355696075539e-02 4.049142587620771505e-01 9.991881465431178277e-01 5.070185266556410220e+00
1.404787002037382848e+01 5.536583870458606071e+01 4.846939992371900274e+01 5.259496864695498886e+01 8.266448703526454267e+01 1.409720770136763406e+02 4.500358534511484550e+02 5.118150399833281199e+02 1.221346618133402950e+00 2.201618115409548881e+00 6.399287468312547134e+00 3.771925767470635016e+00 3.319663278299142206e+00 8.840003168715108828e+00 4.461178088214614590e+00 4.660061398181076231e-01 3.603379821884743484e-01 4.325720998181702415e-01 2.759711473282689953e-01 7.053016755968442852e-02 4.020650176604648185e-01 9.991581077617358586e-01 5.003776044528706279e+00
1.406561567465447915e+01 5.535720342797146998e+01 4.848568292541686020e+01 5.260313274368061798e+01 8.266670182759811780e+01 1.409597340278753848e+02 4.500488558263161281e+02 5.117961545924059124e+02 1.223451817717289725e+00 2.207958023046086016e+00 6.416776705456278762e+00 3.764891068035626009e+00 3.308612225188466205e+00 8.846107974593305556e+00 4.449844698908721696e+00 4.561157418920204210e-01 3.663379464715287304e-01 4.293677052714863773e-01 2.726475659807254814e-01 6.517139819344706930e-02 4.011329201328414085e-01 9.998369716261358287e-01 4.923550622469085702e+00
1.407745949317387257e+01 5.533369835296034722e+01 4.849929808993663727e+01 5.260628596932415491e+01 8.266446420315132571e+01 1.409202702761013484e+02 4.500719528418497930e+02 5.117603356003723434e+02 1.259955906701458073e+00 2.226392333899464226e+00 6.439676656419972112e+00 3.742659951184208911e+00 3.311258943099467444e+00 8.843656998908160816e+00 4.439984935469166061e+00 4.453850111737333028e-01 3.587054726046495223e-01 4.264713593336341702e-01 2.660721407748539158e-01 5.875611360401038902e-02 3.952640148939420839e-01 9.996358898511540358e-01 4.794112187307128181e+00
1.411637838051202465e+01 5.529398380436141736e+01 4.851803126015673939e+01 5.261576521600360934e+01 8.265210608325935482e+01 1.408551317028356209e+02 4.501105293125685876e+02 5.117164679739765916e+02 1.293386857169150694e+00 2.261770913192878485e+00 6.487851359687838659e+00 3.715815761810133289e+00 3.308831839947325992e+00 8.823455434302116984e+00 4.423010706059229413e+00 4.402768996298643822e-01 3.601541525281336531e-01 4.217060413341293112e-01 2.571868745923181487e-01 4.762851575421775396e-02 3.956364124468526589e-01 9.993839930729826460e-01 4.550470467174680955e+00
1.419518289314965109e+01 5.519493219927655758e+01 4.859266439310898278e+01 5.266926331440663489e+01 8.262597675072994718e+01 1.407125653908428831e+02 4.501855610805886840e+02 5.115897277716914573e+02 1.408168476830257587e+00 2.341837715127704111e+00 6.608756457908124382e+00 3.646246925051710441e+00 3.332664812595409920e+00 8.793913230618095156e+00 4.409953131564775752e+00 4.076692026221899745e-01 3.572643251011916599e-01 4.111444035926068996e-01 2.400324852308937107e-01 1.364880343639773494e-02 3.855200023182110414e-01 9.997007106117759001e-01 3.997638945055333792e+00
1.430150959219442264e+01 5.504374877338501193e+01 4.870867712706767350e+01 5.272452743430930866e+01 8.260783721775622723e+01 1.405050202223638394e+02 4.502925406082813424e+02 5.114388334987619373e+02 1.537979655698137105e+00 2.450774333984858444e+00 6.773267644384354469e+00 3.583243677999083943e+00 3.353926900017272672e+00 8.767725376075441446e+00 4.361851583898505247e+00 3.771387755535603459e-01 3.524631513958492723e-01 3.964032989776445914e-01 2.218805383395795472e-01 1.153849415758814723e-03 3.767703412596987156e-01 9.972628667064574737e-01 3.255238218670333694e+00
1.452683237409515016e+01 5.478759400073104047e+01 4.889644394140631789e+01 5.285754384042259346e+01 8.255022655220288641e+01 1.400954120279021993e+02 4.504876971105907728e+02 5.111200821735563409e+02 1.794859520070353209e+00 2.652295087108141658e+00 7.063390984882946810e+00 3.422236026474367421e+00 3.393139973682080424e+00 8.701674904437458835e+00 4.263746659113487603e+00 3.450125287139923502e-01 3.422722941165257105e-01 3.898959267495838987e-01 2.104431144698440392e-01 1.107789759484310377e-03 3.663291714403804633e-01 9.947568597845106719e-01 1.751097753874667928e+00
1.477830440858775951e+01 5.453184844615304172e+01 4.909088001927475631e+01 5.298009377767124306e+01 8.250291474677898407e+01 1.396957862367395649e+02 4.506882613887806883e+02 5.107778084434158927e+02 2.049297740409975255e+00 2.863631855055329023e+00 7.400378815907029839e+00 3.269904377512246274e+00 3.433316346575748135e+00 8.657053685100233764e+00 4.205330269210930005e+00 2.845453701438365735e-01 3.411415281087245011e-01 3.877743976865005715e-01 2.211883623142970046e-01 1.547903083532507079e-03 3.462205133263888679e-01 9.998106759932769982e-01 2.238584393196652311e-01
1.477685041334306959e+01 5.452813526055793147e+01 4.907978566426317713e+01 5.299875852952675359e+01 8.250768742866782191e+01 1.396806818509815287e+02 4.506935236758615133e+02 5.107913108165078597e+02 2.020142649274851099e+00 2.869633164026054839e+00 7.420402319999267249e+00 3.265637823630168857e+00 3.433073794425212988e+00 8.670700643286739506e+00 4.197907317931279358e+00 3.034880700182129298e-01 3.551790036179469645e-01 3.931170505869081566e-01 2.535380334622464593e-01 2.999576528846691591e-03 3.493678126588887212e-01 9.981594698197251425e-01 2.159647988155429521e-01
1.477446801707476531e+01 5.453724029761948344e+01 4.908367007711228780e+01 5.300024851485407140e+01 8.251418926403623288e+01 1.397016308118553809e+02 4.506903878595775836e+02 5.107996498767939215e+02 1.986954936501039715e+00 2.858837185619370391e+00 7.419989597549715654e+00 3.266928959378996744e+00 3.440661285185106166e+00 8.672445592679636661e+00 4.202821403372875686e+00 3.173204467852427935e-01 3.715965111382933395e-01 3.995068361688313696e-01 2.698046604533649306e-01 5.445926984365821732e-03 3.567614261321522262e-01 9.990432821497567950e-01 2.234062365214770085e-01
1.478224193356272131e+01 5.454444985086781372e+01 4.907768806040537868e+01 5.300068717481853753e+01 8.251471143098746097e+01 1.397162126715736292e+02 4.506913473922909930e+02 5.107997605660499971e+02 1.959239626834745174e+00 2.853376161571021363e+00 7.405328667969135026e+00 3.265822188820817207e+00 3.453902731308309715e+00 8.698975487496426240e+00 4.227698604316660891e+00 3.520031901447069345e-01 3.606074426477726136e-01 4.078723536234060143e-01 2.632056415561209728e-01 1.551412281174631815e-03 3.667748298958785069e-01 9.990374424690678934e-01 2.383621194204083305e-01
1.478686189883350721e+01 5.457313023681921038e+01 4.909282625230189012e+01 5.300346463835106903e+01 8.250464603591295543e+01 1.397292814940233825e+02 4.507178808090849316e+02 5.107840982762770068e+02 1.939164323877326401e+00 2.847990300559109400e+00 7.424218412194218963e+00 3.262827929319940257e+00 3.471066504241319350e+00 8.707202871136503930e+00 4.223413724486105636e+00 3.772770432315880607e-01 3.669149108387188551e-01 4.215694669458038835e-01 2.779160242460370078e-01 1.743832392916276272e-02 3.754352444914246245e-01 9.960632326910545675e-01 2.399365685550597649e-01
1.479788307729138808e+01 5.456821494024691788e+01 4.910070905271037844e+01 5.300830134623421230e+01 8.248868367890301556e+01 1.397347683780232330e+02 4.507447672772115084e+02 5.107854107025054304e+02 1.920744455485352775e+00 2.871277657222395252e+00 7.418336668055002470e+00 3.292293865808916475e+00 3.463509648689107046e+00 8.684682409584850049e+00 4.231218969759840576e+00 3.892369886867752538e-01 3.808253453632431951e-01 4.237244693842565080e-01 2.790648523018453009e-01 2.715553719026369151e-03 3.853699777737928378e-01 9.912604899642791789e-01 2.383383137316729683e-01
1.479631053143445385e+01 5.458596903187695659e+01 4.908706111796340821e+01 5.302402943002424962e+01 8.247070019738673352e+01 1.397304106411062605e+02 4.507571015852500977e+02 5.107854654569993613e+02 1.893125973223794833e+00 2.884368273045771591e+00 7.414162439819802941e+00 3.290156989059854542e+00 3.478981637446102226e+00 8.693461004294848138e+00 4.228718738129121135e+00 4.171905482816735122e-01 3.703221675469960394e-01 4.304757262716673583e-01 2.790307429926328076e-01 6.184661124072001089e-03 3.917452744265852993e-01 9.979608555177773566e-01 2.548890570041790760e-01
1.479540158374230074e+01 5.459470615510839764e+01 4.910190989298415332e+01 5.303140098354232634e+01 8.247900619725646720e+01 1.397212001305311446e+02 4.507773053941655803e+02 5.107999777472976461e+02 1.884921790360187810e+00 2.891655727464333303e+00 7.416240097826271693e+00 3.290461843136642806e+00 3.471010692144651077e+00 8.684670903480949278e+00 4.250000959800895650e+00 4.204575153406547305e-01 3.705910694423331653e-01 4.343616373953679832e-01 2.714055557716210099e-01 2.244098464422688601e-03 3.944169891913836823e-01 9.956715257493237159e-01 2.445004597503918353e-01
1.479412824608892230e+01 5.461985072691044252e+01 4.910037375763017309e+01 5.302620483987930555e+01 8.249367718178788778e+01 1.397298078499949270e+02 4.507711267279520371e+02 5.107977670170493525e+02 1.852220530194571335e+00 2.906826240863066513e+00 7.389677317783880817e+00 3.303254250701924022e+00 3.471985082873371820e+00 8.696627378077565140e+00 4.246009895984331983e+00 4.279200067062261525e-01 3.682213314028411899e-01 4.344334945538304016e-01 2.916659125488824666e-01 2.925734724176705034e-02 3.933457849307073206e-01 9.991134741776850348e-01 2.715558662687669322e-01
1.478463892226707621e+01 5.461357386944586523e+01 4.908893970703298493e+01 5.302773318397183999e+01 8.251381389173153025e+01 1.397338371802214851e+02 4.507818189972400091e+02 5.107859007756960068e+02 1.814514639983250799e+00 2.920259630173320797e+00 7.393476261984206488e+00 3.316571732586938825e+00 3.466597706019900027e+00 8.716662586457177397e+00 4.253586220759786762e+00 4.382651132799649796e-01 3.739879938589192876e-01 4.288283555157655358e-01 2.846411637084176882e-01 3.856547888467226626e-02 4.019167180122145133e-01 9.980891913766883894e-01 2.898589350062508729e-01
1.482643625645898666e+01 5.461427730868341257e+01 4.910113857452088126e+01 5.304814579732155977e+01 8.250101920419227497e+01 1.397399858736525005e+02 4.508043238308463856e+02 5.107790676378206172e+02 1.745611681770033119e+00 2.954994834288362515e+00 7.419241321941801637e+00 3.321206610939089643e+00 3.484418065843365220e+00 8.728175036053432478e+00 4.270129628381105213e+00 4.835089054690556165e-01 3.848115712882912431e-01 4.523974207591780483e-01 3.047740554172830296e-01 5.990011264611568020e-02 4.225133957348060076e-01 9.981513520656517535e-01 2.768136551052262084e-01
1.483083277956009383e+01 5.461786098091141639e+01 4.909570485186806366e+01 5.303719280654388513e+01 8.247738934777854070e+01 1.397319430691778166e+02 4.508099063418657693e+02 5.107765190146577652e+02 1.728717593437043121e+00 2.949891967084292688e+00 7.417762413047397807e+00 3.359365488496968144e+00 3.488755658609321131e+00 8.738933267755971457e+00 4.247840822997174470e+00 4.850894729388386395e-01 3.726595336056776064e-01 4.456020987335292949e-01 3.004917782309162733e-01 7.024775629505251862e-02 4.175714142962380082e-01 9.952340494820637318e-01 2.840264866025621893e-01
1.484442047313153168e+01 5.463875717697449375e+01 4.909048294736384577e+01 5.304009032102116095e+01 8.247433859274006807e+01 1.397448355476169013e+02 4.508154508776328839e+02 5.107792437155450216e+02 1.703334533169948317e+00 2.985573578378303505e+00 7.430493119728898144e+00 3.362223822896820646e+00 3.479425277068602718e+00 8.743030631760294824e+00 4.264910410408790931e+00 4.832825505255441412e-01 3.799392282915691199e-01 4.490442560501998193e-01 3.018940408503398842e-01 7.073209380709934158e-02 4.192700647246310752e-01 9.991394993275612979e-01 2.557328127728101808e-01
1.484527182693648051e+01 5.463786654711497448e+01 4.908198138173533209e+01 5.305384036812594672e+01 8.247288322453421472e+01 1.397369858823900017e+02 4.508227753522435250e+02 5.107931156768432857e+02 1.654562309687448662e+00 2.982824995248113176e+00 7.398254167286847149e+00 3.376344657054608955e+00 3.490313518187381003e+00 8.749169649165207119e+00 4.280253557185583979e+00 4.921319321301411143e-01 3.871184994135872248e-01 4.534370815584993220e-01 3.170424256364371973e-01 6.227316876751584629e-02 4.223092646054908417e-01 9.984548334731646602e-01 3.029891709776091346e-01
1.482881878370493567e+01 5.461527557634929764e+01 4.907625089921172901e+01 5.306546514235461132e+01 8.246167447488944902e+01 1.397354460880455349e+02 4.508121799038004269e+02 5.107763264038220541e+02 1.679679036899130340e+00 2.975637672308663717e+00 7.409990603447411672e+00 3.357689929881928936e+00 3.484336587552167686e+00 8.733387622932033523e+00 4.262783156714073485e+00 4.889046560716321377e-01 4.028889873899221818e-01 4.523343651159343892e-01 3.169692212325965763e-01 8.197976562413902824e-02 4.316027258972775504e-01 9.979994720082073778e-01 2.630248914014933770e-01
1.483264718012521932e+01 5.461787007548955586e+01 4.907963896024906347e+01 5.307210118276407940e+01 8.247630287809687388e+01 1.397441146578728990e+02 4.508037438488038902e+02 5.107835132794023707e+02 1.666233026991357002e+00 2.965349315197764568e+00 7.402817582503351979e+00 3.358828596178769388e+00 3.484295147781320878e+00 8.749807518546889540e+00 4.247969779627554843e+00 5.107715839414629366e-01 3.972090398248323551e-01 4.576074384965991837e-01 3.079137367106027923e-01 7.882269634434328764e-02 4.419028626419049255e-01 9.979120197876618636e-01 2.804826941653734695e-01
1.484174942318673374e+01 5.461887492024009561e+01 4.908353911448432427e+01 5.307916983476523853e+01 8.248013710218904748e+01 1.397103629154007649e+02 4.508154519245263145e+02 5.107744196395109952e+02 1.700129313366091299e+00 2.953227273931005925e+00 7.409609062013498004e+00 3.341574089494751210e+00 3.491573132486986086e+00 8.743042977802851112e+00 4.245797892662499962e+00 4.888523218883877863e-01 3.707753764973505950e-01 4.386753609476902183e-01 2.881298481343416151e-01 6.045729356967576712e-02 4.205340016244850654e-01 9.810907327405816725e-01 2.631347124309475483e-01
1.483241071368899533e+01 5.464660052245744737e+01 4.908643636995027038e+01 5.308396015305066840e+01 8.244385829194270343e+01 1.397070860763212181e+02 4.508174662565000972e+02 5.107656076104792078e+02 1.660054959722499834e+00 2.950836147953403099e+00 7.419731778633689601e+00 3.352227906421502812e+00 3.498222663143960354e+00 8.758158444722567992e+00 4.265551385593622236e+00 5.143549358578498598e-01 3.712925141162279341e-01 4.624176429888329221e-01 3.048669516796151391e-01 5.482327635730702142e-02 4.289729017926419141e-01 9.973723207711486793e-01 3.148928690584773538e-01
1.482549500181518631e+01 5.464744893873626808e+01 4.908947658446939499e+01 5.308294034478405621e+01 8.242670481207935040e+01 1.396825693763414336e+02 4.508351357174331611e+02 5.107456474425010242e+02 1.630809561047439793e+00 2.977412747503461965e+00 7.426793036043156881e+00 3.361968413750546336e+00 3.489316114421519011e+00 8.757311079640453855e+00 4.284840191900685546e+00 5.216451992045870734e-01 3.831412724727059627e-01 4.595638149341769729e-01 3.105417323389554340e-01 5.558375271308237803e-02 4.377590252652824310e-01 9.982282667845163715e-01 2.530967458850839069e-01
1.481811223568719882e+01 5.467587493241686758e+01 4.907708383233384097e+01 5.307463324581475916e+01 8.246106971148508080e+01 1.396965967133946549e+02 4.508200938505242448e+02 5.107519359465533739e+02 1.634452593678319632e+00 2.960251400111461262e+00 7.387505189031557506e+00 3.355440567349734504e+00 3.473194164863924627e+00 8.733884179623506938e+00 4.298865597349937673e+00 5.169789485308635690e-01 3.794533883034619248e-01 4.603336623273868722e-01 3.044703849113476468e-01 4.047187536527551560e-02 4.337687815115439105e-01 9.984707799590136768e-01 3.026077831084369452e-01
1.481510465189563774e+01 5.468198921406346358e+01 4.906700354300743072e+01 5.302459370473738431e+01 8.247665219301772765e+01 1.396813912735241274e+02 4.508131907306012636e+02 5.107564845857359046e+02 1.704775499811594708e+00 2.935625291968238404e+00 7.378774406534214236e+00 3.333021840326044316e+00 3.466231942562232327e+00 8.703320611999508571e+00 4.285269170379508274e+00 4.774955767860589728e-01 3.605306183346857485e-01 4.345029810480762755e-01 2.883757288078122039e-01 2.208750495100030020e-02 4.094797004154565045e-01 9.956235030252251761e-01 2.645522977309774371e-01
1.481975424150237686e+01 5.470185405929661471e+01 4.907617560795141998e+01 5.307025816089262804e+01 8.245821803909211667e+01 1.396691872634131926e+02 4.508331856132173243e+02 5.107491981220198909e+02 1.661855493634898151e+00 2.962871072668872507e+00 7.390911960131968605e+00 3.338460038299583488e+00 3.486058812290489417e+00 8.713778523699250655e+00 4.282965496308868580e+00 4.855259409707151641e-01 3.657719198723150544e-01 4.419774876363727900e-01 2.831656160464217087e-01 8.426108151213324710e-03 4.157318077384493105e-01 9.902361157385777268e-01 2.895017975138667876e-01
1.482707618031217400e+01 5.471120726611369633e+01 4.907747158390411357e+01 5.307803329240437051e+01 8.246201071604140509e+01 1.396715163214637414e+02 4.508491031137205027e+02 5.107138806222149015e+02 1.665433565381422731e+00 2.976367770701326521e+00 7.402715704863980228e+00 3.325306799947019165e+00 3.479496708426470963e+00 8.714953597917482142e+00 4.281012204430751034e+00 4.796808646517660146e-01 3.750521313688510716e-01 4.411080410097790172e-01 2.916569339200391076e-01 3.460419702070852838e-02 4.162794024374525392e-01 9.976706419325871433e-01 2.652336203029605488e-01
1.483178793457962286e+01 5.472821837157471947e+01 4.907173942717191295e+01 5.308642887121227005e+01 8.247832872128429926e+01 1.396987977988426906e+02 4.508724377924344822e+02 5.107054855856833342e+02 1.616666341704126708e+00 2.989606107304179972e+00 7.387916406213738796e+00 3.354840796933944436e+00 3.493514523359304125e+00 8.730407250042610201e+00 4.294574529817301034e+00 4.911799760563251294e-01 3.853852927962737596e-01 4.466351062788226356e-01 3.014084008182291718e-01 5.370599349822126334e-02 4.257020902666112105e-01 9.955635037866227277e-01 2.913576162660030389e-01
1.484122855959298093e+01 5.474290187632914240e+01 4.907314435656501672e+01 5.307022496943354639e+01 8.249595125498913717e+01 1.397012228530911955e+02 4.508653389112794798e+02 5.107136220851371604e+02 1.615609354979669732e+00 2.996623476476381054e+00 7.376170402875504628e+00 3.358209695933018768e+00 3.487655278749791865e+00 8.723673822159009106e+00 4.293905648352841276e+00 4.812592368692667488e-01 3.918440562864852206e-01 4.443636340387694394e-01 3.032001604199193179e-01 5.230100016422964404e-02 4.236523730397853127e-01 9.975885355591862513e-01 3.000787751101507417e-01
1.485099241008779636e+01 5.474596368576539618e+01 4.907564737995588899e+01 5.308662144896351975e+01 8.249322781976310637e+01 1.396876977316975683e+02 4.508703654461239694e+02 5.106709385177691729e+02 1.625251772777470238e+00 3.011257827178355218e+00 7.380913789602087327e+00 3.364093187192256806e+00 3.482452307472446940e+00 8.704572038214836383e+00 4.294515471925885564e+00 4.743313143197199211e-01 3.807153438981822346e-01 4.420528243790150524e-01 2.965950596360391600e-01 3.850301334626384658e-02 4.158213556654022924e-01 9.959224606816176051e-01 2.663556681901045886e-01
1.485002820505494014e+01 5.475599710054112990e+01 4.906162893819824689e+01 5.309927762907283721e+01 8.252635967207359613e+01 1.396720781296964446e+02 4.508625519211927895e+02 5.106712164438511650e+02 1.613488733277001153e+00 2.999176486481390569e+00 7.370593874040549665e+00 3.376118231160219807e+00 3.464794194108685943e+00 8.700183961660455267e+00 4.299194629816886604e+00 4.770929984226973120e-01 3.839503820008968171e-01 4.433581679521611529e-01 2.969296531251299776e-01 4.949525055241207200e-02 4.190830454997820365e-01 9.901146248879936218e-01 2.781374541568686354e-01
1.483846641942901456e+01 5.476890949743843606e+01 4.906894546221015219e+01 5.310850010724265502e+01 8.253239370311835899e+01 1.397102414739612186e+02 4.508377095114742588e+02 5.107110060715163513e+02 1.606540752971188812e+00 2.983976285621876556e+00 7.347196358252022996e+00 3.367590840096935878e+00 3.462314264793144414e+00 8.699184835915367842e+00 4.311725548112867124e+00 4.789934084345359167e-01 3.855524555412774834e-01 4.420509036648774259e-01 2.951361975717728403e-01 7.938807428768955565e-02 4.212697934243466169e-01 9.982536431849102776e-01 3.213889605325895849e-01
1.486080596081076877e+01 5.477820834565806507e+01 4.907585830633902191e+01 5.312572768580199778e+01 8.251754537566772285e+01 1.397123832370152172e+02 4.508495334928371676e+02 5.107021375272921659e+02 1.577280789080267365e+00 3.006153234213320147e+00 7.327864765125134738e+00 3.377173660224549678e+00 3.484557220055218618e+00 8.689016014948226285e+00 4.290654275253596772e+00 4.764085484516101809e-01 3.839103897832235046e-01 4.392932586081039203e-01 2.925092248456282462e-01 6.027242733334249591e-02 4.204530512148981769e-01 9.996437560821314072e-01 2.960514399264103647e-01
1.487249481327336653e+01 5.480200078056369506e+01 4.909880231343077384e+01 5.313801772233847487e+01 8.251158259003312878e+01 1.396852920646857967e+02 4.508438094567191570e+02 5.106968960806542555e+02 1.563167248244660135e+00 3.012987009751654455e+00 7.334646695820652873e+00 3.381863015512001525e+00 3.474042223236371907e+00 8.705097826766078128e+00 4.279351772547874688e+00 4.734950163782392085e-01 3.749406679820606603e-01 4.390783647144921864e-01 2.826423069763580598e-01 7.145325797865763329e-02 4.164815581623939611e-01 9.994223400634676402e-01 2.787690422087863440e-01
1.489404211026645086e+01 5.480722753998724528e+01 4.909558107823121986e+01 5.317630991643981986e+01 8.250496526264318220e+01 1.396960569256541760e+02 4.508617445158406554e+02 5.106880377046433068e+02 1.512191431909970074e+00 3.042982240221571377e+00 7.347738924936978222e+00 3.374011694427379027e+00 3.506183069832193411e+00 8.701567571755653319e+00 4.319192800921318742e+00 4.966242420586670092e-01 3.800961195979692953e-01 4.507424798149653467e-01 3.005684503916704053e-01 7.243261972338033150e-02 4.264149327783710586e-01 9.977536890330126473e-01 2.603104093192085688e-01
1.487718777241212109e+01 5.480490668177774438e+01 4.909289739638457206e+01 5.321754088595486110e+01 8.252118780030075129e+01 1.396929823355332871e+02 4.508354083813957232e+02 5.106854240681321357e+02 1.479090576739354512e+00 3.072299684894464367e+00 7.321745808084689777e+00 3.384072805978112441e+00 3.504412126449993892e+00 8.690516486294717069e+00 4.332599494290764852e+00 4.968837838101884397e-01 3.796920626629752271e-01 4.475326810763951557e-01 3.116001865805717586e-01 7.347304363153683848e-02 4.210580362331688420e-01 9.998369916152861636e-01 2.848213995356638772e-01
1.487202744851883196e+01 5.475314041061345449e+01 4.909071495032577559e+01 5.320993377572948901e+01 8.250538895384809734e+01 1.396932266604756308e+02 4.508074812345553255e+02 5.106918486353644084e+02 1.525967397529857550e+00 3.038954007027041992e+00 7.320738614395962962e+00 3.362112308624607859e+00 3.516646598450763772e+00 8.699717892382469842e+00 4.301583361769695024e+00 4.931039313850472117e-01 3.720579286190600077e-01 4.510861359936732540e-01 3.075410172544522647e-01 6.623504278984945759e-02 4.162395389335907803e-01 9.993895860907698880e-01 2.828776111199455823e-01
1.487533275990124082e+01 5.474162732947213073e+01 4.909093442755376202e+01 5.320904672223699095e+01 8.251971222518390903e+01 1.396893997561548701e+02 4.507704627772648109e+02 5.106858119740888355e+02 1.593750977762041554e+00 3.008350373443160919e+00 7.318200072024741765e+00 3.367492079253501913e+00 3.510384021007422639e+00 8.687439709395178511e+00 4.312374051018721843e+00 4.530003881045936986e-01 3.797900416905543586e-01 4.395870489286274885e-01 2.985513374731098568e-01 6.482052718946890169e-02 4.061771243322231939e-01 9.942551588737607027e-01 2.827002308477681303e-01
1.488983609516788498e+01 5.474879977073507575e+01 4.909814567565707222e+01 5.323223150633471334e+01 8.252033652102176120e+01 1.396860236598149356e+02 4.507721791310426056e+02 5.106716958441450629e+02 1.553059223735701266e+00 3.033604104773149235e+00 7.333779075361850808e+00 3.376020318620514438e+00 3.507675385059744411e+00 8.689118748635221934e+00 4.320892320809039511e+00 4.619786038351507140e-01 3.786132650746247830e-01 4.457901893266285609e-01 3.144068013912819648e-01 8.019793089238516637e-02 4.067344399954876955e-01 9.998184722302959626e-01 2.562281145771959645e-01
1.492737711902306863e+01 5.477830911674654857e+01 4.908700713803050775e+01 5.325717128863576733e+01 8.252133767620227900e+01 1.396875439489892301e+02 4.508070713542740577e+02 5.106611691045037560e+02 1.473738516113046959e+00 3.060888893289704260e+00 7.339942434984722652e+00 3.399553292991557285e+00 3.523753473087646526e+00 8.695000936811380754e+00 4.324620797481285805e+00 4.844976798200224533e-01 4.021221847180321274e-01 4.527144017304799983e-01 3.233515360499857882e-01 9.328431774514678310e-02 4.254329881095303412e-01 9.982193605427923666e-01 2.622089539897887733e-01
1.408057264147370979e+01 5.548173707564125579e+01 4.846075688230956757e+01 5.257293554161388016e+01 8.263614956280642332e+01 1.410773400105969984e+02 4.499630723871408122e+02 5.119093062142928829e+02 1.199632005020035086e+00 2.149949804470454584e+00 6.368269867384988459e+00 3.818713694511245205e+00 3.334499647120791277e+00 8.893579230336273511e+00 4.489734588262821013e+00 4.707663699246437128e-01 3.692856522303883393e-01 4.357277785489968580e-01 2.904682721184362326e-01 1.021565355846847656e-01 4.056731102933048838e-01 9.997125651147046321e-01 5.213366372550943595e+00
1.409238605127169386e+01 5.547477833590388485e+01 4.845866765988338187e+01 5.257367594739492489e+01 8.264465685715880738e+01 1.410849693832842888e+02 4.499417199256859021e+02 5.119019119300356806e+02 1.202337627392890740e+00 2.155240984754429601e+00 6.376678532721880011e+00 3.819306269309048929e+00 3.334560297679113550e+00 8.893108698069292828e+00 4.495138114345137659e+00 4.804802367386414863e-01 3.674304883833264257e-01 4.399656702138807218e-01 2.880734020797224293e-01 9.946892925036733557e-02 4.096420114833602133e-01 9.997004668528987059e-01 5.179397218562716176e+00
1.410011161703850568e+01 5.549072832801842026e+01 4.847251434021774941e+01 5.256533585209624704e+01 8.263755101000518266e+01 1.410882753511079386e+02 4.499451743672453290e+02 5.119117958994572746e+02 1.206580857907517679e+00 2.167025009914544054e+00 6.368391095269986479e+00 3.817912178318108474e+00 3.342441870098132206e+00 8.886932437135746099e+00 4.499588738348682782e+00 4.823125132726095998e-01 3.708868844308411128e-01 4.399436074301489863e-01 2.948542274784936024e-01 1.044327616420812066e-01 4.103070406761734623e-01 9.995741555304333836e-01 5.132256417997449027e+00
1.410801661470470947e+01 5.549862681381483043e+01 4.848177927971951817e+01 5.257864589580164960e+01 8.263965420411679474e+01 1.410907005569237924e+02 4.499430470866142855e+02 5.119049913470611841e+02 1.211622210862498994e+00 2.171051909657016665e+00 6.362719234121716916e+00 3.821140977762107926e+00 3.346676175960229926e+00 8.885270291232149731e+00 4.504169025784456437e+00 4.877015831473502372e-01 3.678487399526994550e-01 4.403903830506797901e-01 2.933554006613192655e-01 1.002316452781911865e-01 4.114652088134835850e-01 9.998909220137243148e-01 5.103002174644610811e+00
1.413359963867129565e+01 5.550621377724277750e+01 4.850325905791317638e+01 5.258794801752460302e+01 8.264076144046002526e+01 1.411123587633276202e+02 4.499269201442128292e+02 5.119091225842747122e+02 1.210466699696398640e+00 2.199611404762904954e+00 6.339429359904928063e+00 3.841219004302937723e+00 3.356656360405896766e+00 8.876133738968723819e+00 4.530898845361546634e+00 4.992673484077339019e-01 3.695606399886468552e-01 4.435419040969504900e-01 2.951965363208347570e-01 1.063022180071276079e-01 4.174765206289435815e-01 9.991711296917962226e-01 5.012793718611010085e+00
1.415094904107165874e+01 5.552142234928465570e+01 4.853259045768025004e+01 5.260835226871741099e+01 8.263370891817132247e+01 1.411297100719263256e+02 4.499071714424505899e+02 5.118877229157466786e+02 1.199646294558178505e+00 2.235522328493495525e+00 6.342755731311288336e+00 3.879375441903940125e+00 3.362881988739596650e+00 8.855950560511567815e+00 4.569285300949064599e+00 4.947471451922966224e-01 3.644704678697487932e-01 4.438118531033719560e-01 2.936641425378284098e-01 1.000286548375672463e-01 4.130378106172687414e-01 9.980445735286784803e-01 4.901611184705330970e+00
1.419227341840720236e+01 5.554209936885374788e+01 4.858585990834119173e+01 5.263330171062573015e+01 8.262498165552644025e+01 1.411632292693678892e+02 4.498651408054030867e+02 5.118761639455489103e+02 1.205781537527266689e+00 2.287465544295784969e+00 6.317936596277363037e+00 3.890849263491499510e+00 3.381835379300289102e+00 8.843865891474660401e+00 4.613442625194750235e+00 5.057889935199265663e-01 3.627274189625143697e-01 4.463770412375774876e-01 2.933566434065576489e-01 8.733763078435223537e-02 4.166850092061958888e-01 9.988947989166873098e-01 4.693959740909818379e+00
1.429365695954066062e+01 5.560192445594499588e+01 4.869670964632056354e+01 5.269130157863282449e+01 8.260998205586629695e+01 1.412398175299459524e+02 4.497561124426906076e+02 5.118445998606539433e+02 1.211093540460571827e+00 2.431509825838805927e+00 6.244640149218729341e+00 3.971864112195305996e+00 3.417773953858779468e+00 8.779310272271478865e+00 4.730768547811625702e+00 5.143521008768332514e-01 3.676763520909040461e-01 4.496518780015167915e-01 2.959134905886778300e-01 8.565535924304583382e-02 4.230870750706955397e-01 9.989763057546419134e-01 4.189116117609809287e+00
1.455224307073273238e+01 5.576948007709339095e+01 4.902127974016470091e+01 5.286996584141697042e+01 8.254823087626557765e+01 1.414962837884825149e+02 4.494406514471504011e+02 5.117670462426003155e+02 1.224675221881801113e+00 2.840810299354374457e+00 6.054799404277726005e+00 4.207748209383273874e+00 3.551024267474091722e+00 8.616921681637176533e+00 5.089893119478653638e+00 5.536678144710671656e-01 3.641639116480278604e-01 4.588543081929778444e-01 3.039533697783785016e-01 7.372657128059018072e-02 4.394378872341336839e-01 9.902193513191870355e-01 2.650594808857434703e+00
1.499285962382871951e+01 5.602307986198019307e+01 4.956488085126593290e+01 5.313339356842408279e+01 8.246632542131233379e+01 1.419091693517703447e+02 4.489619070087097725e+02 5.116042915753050124e+02 1.255175237512208941e+00 3.440297511625051374e+00 5.736225840104691720e+00 4.571904928700090132e+00 3.721817983418890474e+00 8.324047624728247996e+00 5.613591291600481981e+00 5.859405893809178645e-01 3.689849197469390329e-01 4.616796209417211583e-01 3.119852963382709898e-01 6.367953995799310873e-02 4.607074014300969744e-01 9.983887624106815295e-01 2.860783329398558505e-01
1.498729354103415901e+01 5.601874373671777363e+01 4.956927768672377965e+01 5.312595049768073352e+01 8.247204655437562337e+01 1.419072071620076656e+02 4.489822579056500444e+02 5.115921457066409062e+02 1.245753126384081089e+00 3.415849289423823265e+00 5.732603229285033741e+00 4.560414187790474472e+00 3.714365732885478000e+00 8.351298824025743528e+00 5.592157556955311470e+00 5.387021652336125843e-01 3.709688898235417032e-01 4.621877176009644428e-01 3.061194929117016517e-01 5.827283555528750547e-02 4.364828476258393875e-01 9.963757363917727927e-01 2.882417009543488673e-01
1.500821003292209888e+01 5.600358233134754471e+01 4.957649346124506451e+01 5.310614621988153061e+01 8.248661846815666365e+01 1.418912396230017521e+02 4.489696281725074982e+02 5.115904086026840218e+02 1.241677731980998622e+00 3.434732903910315382e+00 5.767417797681409830e+00 4.548829279673786807e+00 3.714602163162007198e+00 8.339683620449550361e+00 5.590853474992765193e+00 5.463032201802082710e-01 3.734419600043087928e-01 4.542293366527411780e-01 3.105669699517839000e-01 7.732019089820342528e-02 4.414123556569027884e-01 9.981629925353812105e-01 2.913885494518251851e-01
1.500681907638606738e+01 5.601316701184738633e+01 4.955564086157487225e+01 5.310699689029884496e+01 8.248553301281329198e+01 1.418983453951427691e+02 4.489858914632360438e+02 5.115663466261977419e+02 1.246886678639509638e+00 3.413964478075252273e+00 5.771886443348006601e+00 4.560706394147252318e+00 3.719708974317646799e+00 8.344021650553560931e+00 5.611175271521827490e+00 5.310708852225092258e-01 3.787577851834398324e-01 4.611273662757739422e-01 3.058937801455583472e-01 6.884136909259901127e-02 4.377758863000786871e-01 9.867916296579252178e-01 2.777677737662005431e-01
1.500826111993721668e+01 5.600794519162651142e+01 4.956536771504846683e+01 5.310397910250271991e+01 8.246759846009722139e+01 1.418997158778985863e+02 4.489788238454618750e+02 5.115765958734181140e+02 1.248354833957035392e+00 3.384541894818616115e+00 5.801389739925065570e+00 4.566801380500653096e+00 3.717206060376087251e+00 8.348902386740670423e+00 5.604203412623876446e+00 5.382361526862087242e-01 3.931621279656917767e-01 4.569105146902192605e-01 3.191324598413802782e-01 6.178465893815567045e-02 4.453337833626032083e-01 9.977567231156304617e-01 2.946836883125515949e-01
1.502520297468526955e+01 5.601262186423523559e+01 4.956564718761783439e+01 5.309262326978959123e+01 8.245940026907999254e+01 1.419040422645046533e+02 4.489983044870210165e+02 5.115638268241535229e+02 1.246876941374161163e+00 3.374152053151817654e+00 5.781555109873420584e+00 4.571679855535513148e+00 3.738307154119277165e+00 8.359213319238309126e+00 5.628742982210662049e+00 5.234060616981558445e-01 3.876470279306078459e-01 4.501032241881909313e-01 3.089014294534193628e-01 5.722680329852636305e-02 4.379210772898726733e-01 9.941851089219638782e-01 2.825822157171051785e-01
1.499848151298125742e+01 5.602823228134028710e+01 4.955561025548832532e+01 5.309191410939109090e+01 8.247255680704239467e+01 1.419121974020222581e+02 4.490010997479774915e+02 5.115984291057598057e+02 1.272197670873988162e+00 3.386840266342202810e+00 5.778321717400378255e+00 4.541252228686119885e+00 3.746316991924490747e+00 8.345924202008678350e+00 5.618804856488776700e+00 5.329589079489623904e-01 3.700229388585406509e-01 4.528027505304946798e-01 2.946852629912556920e-01 3.757966480647573909e-02 4.341794120456922146e-01 9.947059612096391668e-01 3.076835790697129425e-01
1.500671505030576114e+01 5.602171460382007240e+01 4.957406276321918170e+01 5.309380072599280709e+01 8.246475195367298738e+01 1.418998848200270686e+02 4.489899711723248288e+02 5.115883038279131938e+02 1.255038529104229195e+00 3.389510651676317377e+00 5.786853725458358078e+00 4.565039119318775818e+00 3.738649036593199693e+00 8.345353169617133915e+00 5.627410476133414718e+00 5.388885017865779892e-01 3.673147800296751586e-01 4.512819755667791255e-01 3.020442802280512429e-01 4.145794581310046495e-02 4.335603172966479568e-01 9.974020068575574216e-01 2.721025583288655403e-01
1.501155405734119341e+01 5.602682690464788351e+01 4.957693519457132680e+01 5.311821190274713445e+01 8.248379054808047783e+01 1.418889895490695778e+02 4.489836047863080921e+02 5.116090175453463758e+02 1.257993196107822342e+00 3.392721392538157410e+00 5.786818597474112202e+00 4.572998689934054894e+00 3.763528232453046574e+00 8.337861273437972898e+00 5.615972635149481640e+00 5.490927684947555232e-01 3.714460551900167773e-01 4.658994558851066170e-01 3.124641978075698989e-01 5.586157897675982781e-02 4.387605887593781784e-01 9.962491559809932840e-01 2.796035609221324547e-01
1.501594816415712863e+01 5.602778537901397016e+01 4.956393700332056795e+01 5.309922374511696574e+01 8.248736369192201323e+01 1.418915305374808895e+02 4.489915534191367783e+02 5.116106815745565655e+02 1.257186390316191726e+00 3.385515603936559259e+00 5.796096663801125537e+00 4.567899162884721420e+00 3.772184475751575672e+00 8.336291076568487668e+00 5.588253801018209899e+00 5.293572672701469806e-01 3.735381257675756128e-01 4.583680915800743549e-01 3.054890250710532440e-01 4.608075665344080196e-02 4.322211799865444126e-01 9.892034289445298390e-01 3.202714750599633398e-01
1.502286719628710365e+01 5.601571882366229005e+01 4.959281945183602147e+01 5.308329230337365345e+01 8.249656681863315555e+01 1.419000972993109997e+02 4.490157380419655624e+02 5.116055655430645857e+02 1.268857749391943512e+00 3.379488096526593210e+00 5.787315086583432411e+00 4.581744253831589120e+00 3.783642913045687450e+00 8.314446919347341591e+00 5.610515613816810188e+00 5.213708006180530763e-01 3.818021336067266569e-01 4.554074527742427159e-01 3.041810536095251871e-01 6.808588962523337562e-02 4.352719622226592922e-01 9.663169635591422058e-01 2.791149521033682301e-01
1.501654781782251291e+01 5.599421639165117881e+01 4.960428586027863673e+01 5.308712877323026191e+01 8.251056429772292233e+01 1.419003494478972414e+02 4.490295038132792911e+02 5.116012240790087731e+02 1.268182779012928307e+00 3.374024334443318285e+00 5.784114690974164752e+00 4.594291854819957166e+00 3.773659788948775073e+00 8.298352719297923841e+00 5.632801429572188212e+00 5.244660180550686501e-01 3.682192355751974233e-01 4.559933053505259570e-01 3.051363961178368833e-01 6.033122375800916565e-02 4.272189891347895063e-01 9.694865886774235442e-01 2.715606548574620027e-01
1.501408450420235319e+01 5.598662355478602848e+01 4.959740075190753572e+01 5.309325015218725241e+01 8.251737588918308575e+01 1.418838069466619913e+02 4.490442215004957234e+02 5.115874726045612988e+02 1.237904874313849435e+00 3.378891523507363104e+00 5.775055550855888065e+00 4.597849646102359245e+00 3.776925702430767195e+00 8.312558948499166434e+00 5.605163948631319393e+00 5.271531214536643306e-01 3.779838111580269278e-01 4.561773386559417887e-01 3.142073340905850443e-01 6.845197459824110819e-02 4.333113525806693289e-01 9.612644193689044991e-01 3.033996259937347117e-01
1.502459253414250107e+01 5.597497013872360583e+01 4.961900782281798428e+01 5.309678081525428439e+01 8.254166244188007795e+01 1.418901425217834742e+02 4.490592895299331531e+02 5.116060976785890944e+02 1.239993063972135268e+00 3.375429596213350703e+00 5.762145119721131081e+00 4.619500522570215040e+00 3.778662359116554459e+00 8.303415761275267926e+00 5.592678064134174676e+00 5.066155726702019635e-01 3.881826786032122056e-01 4.542932542152518516e-01 3.068962120906736923e-01 7.827864415861951475e-02 4.297070532923816799e-01 9.982196782119345801e-01 2.636138464208321874e-01
1.501089589178833705e+01 5.598545350279940180e+01 4.963211460988716794e+01 5.307986295772935392e+01 8.254443322194411792e+01 1.419084371342146369e+02 4.490596329381141345e+02 5.116166297525026039e+02 1.223693658647480920e+00 3.395537429483707736e+00 5.760804876636283822e+00 4.609624340280235266e+00 3.776873437583933679e+00 8.303765834334576823e+00 5.612394333459805651e+00 5.214036201998647480e-01 3.675658307786328072e-01 4.576790430077978811e-01 3.029692949915445688e-01 8.372069227258435720e-02 4.262575556153614387e-01 9.997053859441055179e-01 2.648206433524953884e-01
1.500551243488688691e+01 5.598216828239114307e+01 4.960944904961327495e+01 5.307295324163813888e+01 8.255669110620917195e+01 1.419168459117661030e+02 4.490926234882023778e+02 5.116156878231703331e+02 1.231260358056023296e+00 3.386811020046939014e+00 5.762636823147982312e+00 4.592730245698599667e+00 3.811739098465091846e+00 8.288238202438300561e+00 5.602338686722540650e+00 5.156063281764806661e-01 3.731906359243694626e-01 4.544512095739174362e-01 3.145031231453262466e-01 5.817139107171418605e-02 4.226255527074938567e-01 9.925995852480834492e-01 2.826993399225218861e-01
1.500664643314926927e+01 5.598588128811008602e+01 4.961281916042382534e+01 5.307716336583401073e+01 8.254858061577969863e+01 1.419241994949337027e+02 4.490710023779766402e+02 5.116100987911063385e+02 1.237057136030390136e+00 3.397902694002713719e+00 5.761206125426547864e+00 4.592856049032689292e+00 3.804690337329641459e+00 8.269539333230184752e+00 5.601397988908983550e+00 5.175347058785887411e-01 3.696768650019964797e-01 4.456643644468144538e-01 2.938207229933130771e-01 5.387768725852269680e-02 4.287445875444321763e-01 9.995583299703902913e-01 2.721849022850221789e-01
1.500517038343631526e+01 5.598900502906319332e+01 4.960403805853004400e+01 5.308862374371363302e+01 8.255910654663155412e+01 1.419190322037035799e+02 4.490802272525089052e+02 5.116148666028892649e+02 1.269588382642315105e+00 3.397359970272660235e+00 5.772362256201857278e+00 4.584797856072301059e+00 3.776581754136510760e+00 8.300891493734496862e+00 5.603151445714331658e+00 5.127433887379541089e-01 3.697190260079082358e-01 4.466134561121254953e-01 2.867666313614539164e-01 3.463538861619000486e-02 4.263049644095160962e-01 9.882886361413625309e-01 2.765704108504031256e-01
1.500455158810232348e+01 5.598193338046153400e+01 4.959700331139018914e+01 5.307591225901694543e+01 8.256278938880967644e+01 1.419021951718799528e+02 4.490676343927414678e+02 5.115955384091190581e+02 1.267467262556647434e+00 3.392486141545364653e+00 5.773898418920031084e+00 4.581431070595550992e+00 3.763890658732316652e+00 8.324303729813740560e+00 5.619179572329891847e+00 4.941555508662064389e-01 3.855795480746155857e-01 4.429098482622672583e-01 2.978638486683153341e-01 3.213656850245493607e-02 4.232024096772583066e-01 9.987095954997744496e-01 2.704752798594081131e-01
1.502393135503130317e+01 5.597349759164745109e+01 4.959855202426808063e+01 5.305932014010813447e+01 8.258462814270119168e+01 1.419143413313193207e+02 4.490767573251376916e+02 5.115807513960605775e+02 1.298509800003133874e+00 3.361557954492337963e+00 5.764503609250027694e+00 4.573001758185354149e+00 3.777080098138047681e+00 8.318838285730750570e+00 5.611092029217198629e+00 5.002036582463336156e-01 3.815738383251432442e-01 4.465248451599321822e-01 3.005116510212576530e-01 3.712877931777239238e-02 4.218598002429124749e-01 9.965691523828975606e-01 3.078711150203526370e-01
1.502322595441731501e+01 5.598942826077004753e+01 4.960519845844788733e+01 5.307754266326821835e+01 8.257518408504202512e+01 1.419147808344254997e+02 4.490583585017332666e+02 5.115887814908392670e+02 1.292567150414299482e+00 3.366665742744761936e+00 5.769831699069922770e+00 4.578964834762800251e+00 3.783246941612772307e+00 8.330494372081787446e+00 5.629129968622574864e+00 4.989688090337598969e-01 3.831489284419431485e-01 4.481217697982415871e-01 3.065305084922989032e-01 4.183816252182602502e-02 4.220084409794527813e-01 9.999242451634587914e-01 2.717554205376707666e-01
1.501424383652425831e+01 5.599632344012434970e+01 4.960184637391147078e+01 5.307299691202037195e+01 8.259852076290086131e+01 1.419070338806968152e+02 4.490701332683840974e+02 5.115966891991334364e+02 1.291382797978271046e+00 3.364412223555329096e+00 5.773363911363881940e+00 4.579611553122171941e+00 3.771831459576227008e+00 8.327549531199899491e+00 5.592311248219077768e+00 4.857922192425356278e-01 3.751021311212359710e-01 4.408396137912057866e-01 2.930699720512200956e-01 4.480181271748678168e-02 4.157410263119570293e-01 9.991050464438956391e-01 2.775491475917402640e-01
1.503279675828141748e+01 5.601008833157906963e+01 4.960151443538891414e+01 5.306374306600715585e+01 8.259593558163130922e+01 1.418950084277476265e+02 4.490733253169069599e+02 5.115941968279434491e+02 1.296888719183124428e+00 3.332261864442178645e+00 5.761782502171667986e+00 4.557088342213799770e+00 3.758482337859613054e+00 8.339088677986620013e+00 5.592375352089667295e+00 4.812910349936262433e-01 3.732109647546746900e-01 4.375495115241677668e-01 2.899976764115335115e-01 5.347259735563793248e-02 4.138026798521652894e-01 9.843874827050427267e-01 2.877413784243169625e-01
1.503344962625041248e+01 5.601245980390366697e+01 4.960666274823788058e+01 5.306287754167099280e+01 8.257873222130079682e+01 1.419135740189347530e+02 4.490577820749283546e+02 5.115847066607113902e+02 1.282170430767520131e+00 3.312090569557100128e+00 5.778774724478604519e+00 4.555394276559031397e+00 3.753285789443290277e+00 8.346141753506250538e+00 5.600565220652620191e+00 4.765404726139352287e-01 3.788568647321199356e-01 4.395293277222584449e-01 2.972182183791528542e-01 4.665238327006946545e-02 4.131056632591798561e-01 9.628555275326512453e-01 2.559277614612421869e-01
1.503211856067813201e+01 5.601051647141712664e+01 4.961216966835997511e+01 5.305914592635734550e+01 8.257352286674515085e+01 1.418954625831949272e+02 4.490557974119361120e+02 5.115665640806838041e+02 1.281624261968450806e+00 3.266428162321354467e+00 5.780658013438672249e+00 4.556459780636274992e+00 3.748048754859912624e+00 8.364706184557618940e+00 5.596533543978482683e+00 4.944445847587428111e-01 3.930777980716226860e-01 4.443344892847936323e-01 2.929998983104762922e-01 3.338386834633797623e-02 4.287185491103957524e-01 9.627328095981751988e-01 2.783323945442817138e-01
1.503219491940115837e+01 5.600710953394298031e+01 4.960555036250261196e+01 5.308554072510705879e+01 8.256266863077959783e+01 1.418904339804310268e+02 4.490611476360643906e+02 5.115974157122171846e+02 1.291889793055427393e+00 3.278891451318150185e+00 5.778492436904747898e+00 4.548362257098046868e+00 3.732979651221373096e+00 8.370899739779867232e+00 5.588886515126142207e+00 4.953090809997244270e-01 3.857478790088348375e-01 4.379230001852341680e-01 2.844027156209800733e-01 3.035203399237241736e-02 4.277104683558729525e-01 9.739941101602983542e-01 2.850126455121415048e-01
1.504008378536867063e+01 5.599744231150783236e+01 4.960816142883237490e+01 5.307150710821515815e+01 8.255601271562005650e+01 1.418762998611505282e+02 4.490674521654577802e+02 5.115961382707458824e+02 1.290368525849581616e+00 3.281042393654840073e+00 5.767394705527093990e+00 4.569384528586186711e+00 3.748529140863090969e+00 8.362751313966702682e+00 5.579489871996433870e+00 4.865330622897030000e-01 3.713515901071923198e-01 4.360841782506623687e-01 2.809292768467860912e-01 3.397204163980514086e-02 4.180134177007124863e-01 9.792412580879389372e-01 2.974766412952127848e-01
1.504442111172556551e+01 5.599128587876714391e+01 4.961348737770535422e+01 5.303887955223954265e+01 8.252907707954965133e+01 1.418642268093044549e+02 4.490679492230112260e+02 5.115826382964908703e+02 1.297264839442968221e+00 3.296845985290582259e+00 5.741700623039950990e+00 4.573267727146013151e+00 3.760757949876762929e+00 8.371582155095953937e+00 5.578978950491120692e+00 4.812478237215209731e-01 3.648926210356250865e-01 4.435356582839425355e-01 2.892332471445694386e-01 2.127994888034010976e-02 4.093145963060304537e-01 9.868251175632303251e-01 2.661042539469080648e-01
1.503654909874484247e+01 5.599769512876611088e+01 4.959922513522143106e+01 5.300773502635514944e+01 8.251980178349789696e+01 1.418294801914856009e+02 4.490706742910614366e+02 5.115970476927602135e+02 1.305535459171473400e+00 3.266293725466022924e+00 5.758279610319474884e+00 4.584633555982450481e+00 3.739259770444471886e+00 8.372599302951892142e+00 5.538188891613532228e+00 4.779980571371034714e-01 3.530001206579357897e-01 4.351803754012585901e-01 2.780775579783485996e-01 1.284494458431933994e-02 4.036104568115646551e-01 9.993032640271853895e-01 3.061571107287713867e-01
1.505584026028705580e+01 5.600127560200657939e+01 4.961322540441549478e+01 5.299111339683768307e+01 8.253724843814245560e+01 1.418467810903361226e+02 4.490889232398302511e+02 5.116063116664634549e+02 1.324705529411987381e+00 3.255667336397917389e+00 5.758209792745874189e+00 4.575908624031110428e+00 3.761071017326186094e+00 8.376506843587577578e+00 5.537607356006637893e+00 4.815705570355151011e-01 3.568408182568723608e-01 4.345192252556306922e-01 2.752508385947519676e-01 1.233588188499608156e-02 4.095838413676863854e-01 9.937016933898825677e-01 2.949780207661382159e-01
1.506493327423394391e+01 5.600377913055235979e+01 4.962350898733058102e+01 5.297596847881332138e+01 8.250658480790022509e+01 1.418318465208994041e+02 4.490873302799616340e+02 5.115962065695160277e+02 1.315342201611990225e+00 3.255056544102016503e+00 5.787711691291925753e+00 4.573129895566509617e+00 3.759676726999324092e+00 8.373638612827525307e+00 5.535283906293687828e+00 4.946451069435071068e-01 3.700385125172980239e-01 4.490262187881324252e-01 2.806495363543015098e-01 2.705648703689059881e-03 4.190187778116490902e-01 9.973994717974030699e-01 2.811365560946474940e-01
1.506403700213419405e+01 5.600195137371288467e+01 4.960975268058595589e+01 5.296840985430876714e+01 8.251536069401626605e+01 1.418280966976595039e+02 4.490924127979349123e+02 5.116101968781594564e+02 1.310542399750401765e+00 3.247999497554956427e+00 5.809931363243852509e+00 4.569222584339630799e+00 3.730250045603785036e+00 8.373323679190496804e+00 5.533535260316089222e+00 4.967927414724191415e-01 3.687404317559874189e-01 4.438226465339955018e-01 2.833039737152708293e-01 2.745392200532219273e-02 4.197130810672845547e-01 9.940956697282512522e-01 3.026103532394500695e-01
1.503150462101116425e+01 5.598720226379739273e+01 4.960913382871660815e+01 5.298073780892347173e+01 8.251890260776205821e+01 1.418387467101814536e+02 4.490776104081337508e+02 5.116011792909944802e+02 1.309071335034069250e+00 3.273944049281160673e+00 5.813273338042822758e+00 4.584444064667034802e+00 3.724200414085207633e+00 8.380473545301999394e+00 5.532084524219947674e+00 5.004119353469025366e-01 3.729892664414201087e-01 4.445018924434042673e-01 2.863621450661711365e-01 3.905458271079302601e-02 4.220348594939329345e-01 9.981144329169290286e-01 3.116028933074163065e-01
1.502806285794620322e+01 5.598791597668144959e+01 4.962007834763353742e+01 5.299736790215695947e+01 8.254611161715976664e+01 1.418604629991995978e+02 4.491020257029741742e+02 5.115775463080171335e+02 1.316858026115294233e+00 3.292452049724156282e+00 5.798479255583366410e+00 4.590237787458484320e+00 3.746006649331377503e+00 8.388682832043722115e+00 5.533369755783530408e+00 4.913736954126248224e-01 3.679586358819794678e-01 4.410923918817197253e-01 2.844935467028181231e-01 3.751748483877729440e-02 4.175821735050312400e-01 9.977796331136336017e-01 2.994890561860745204e-01
1.503398494906425142e+01 5.599823313728494156e+01 4.962066304139099771e+01 5.302236178284577761e+01 8.254521729611633418e+01 1.418661464100712237e+02 4.490806732224954771e+02 5.115525227180764318e+02 1.307329119967206355e+00 3.310625604942590172e+00 5.792203708515218707e+00 4.568396698667982037e+00 3.760267381584762703e+00 8.374576003686163617e+00 5.536216117126539160e+00 5.052301470350076817e-01 3.842460326152384309e-01 4.449763123221399108e-01 2.982952407200588629e-01 4.711391050188424440e-02 4.278854885836448352e-01 9.999605938949328587e-01 2.908961304688954530e-01
1.502893917557792669e+01 5.599504640669929501e+01 4.964714435481413801e+01 5.298892737830142607e+01 8.253115495126557732e+01 1.418741016863177435e+02 4.491146419059103891e+02 5.115733740763067772e+02 1.336794296620429368e+00 3.300751074482068059e+00 5.768419858560825730e+00 4.600807658110016796e+00 3.785111238326229088e+00 8.381057230058774010e+00 5.528410550516597688e+00 4.898059354293405887e-01 3.785679414086065564e-01 4.462255487020969635e-01 2.993270012303069771e-01 3.954277138845101180e-02 4.169203963892003095e-01 9.945920924473576896e-01 2.602729183270453550e-01
1.502895881480004014e+01 5.599324625377273890e+01 4.964737112059275859e+01 5.295082566144143499e+01 8.256414571354522991e+01 1.418562125935046936e+02 4.491433025933105796e+02 5.115673720195557053e+02 1.372257658608464936e+00 3.285104185720598480e+00 5.760613614178399011e+00 4.591434876558518674e+00 3.784881893857053647e+00 8.385161684914240965e+00 5.537071465907565049e+00 4.833286050144712243e-01 3.713681504572231007e-01 4.416146948862835209e-01 2.891951881095132237e-01 3.014070438969095045e-02 4.125352489235993292e-01 9.999952373788774107e-01 2.886364654262546514e-01
1.502492454797933163e+01 5.598490216070490533e+01 4.966439373617327391e+01 5.297911159852938567e+01 8.258614640793980755e+01 1.418592002820372500e+02 4.491456525102091177e+02 5.115767599527368930e+02 1.376700893750240962e+00 3.260809719639355730e+00 5.734321286497988446e+00 4.578944678815584091e+00 3.797213720071685561e+00 8.392617418018614828e+00 5.525561359922337878e+00 4.829490818825931120e-01 3.754439503345748941e-01 4.404097255976909264e-01 2.897163526474997308e-01 4.127050945995060921e-02 4.154646009494000203e-01 9.965730168499034036e-01 2.988499259290496313e-01
1.503090805218059423e+01 5.596443788483751547e+01 4.965334067879204838e+01 5.296308725074011647e+01 8.261123400682714646e+01 1.418540785347459234e+02 4.491422991187430966e+02 5.115530165718052444e+02 1.384982121609788841e+00 3.230692671981207020e+00 5.731122751030073736e+00 4.562972329879331213e+00 3.796925230114210681e+00 8.364309566776592320e+00 5.486704162870895019e+00 4.766650909037203898e-01 3.608652318458600017e-01 4.443713511354427936e-01 2.960325602931483946e-01 5.105923491492388860e-02 4.027677810889502275e-01 9.971163624584796770e-01 3.107982608253366252e-01
1.505523234169410429e+01 5.596943234527503108e+01 4.969514486425185140e+01 5.292923589382266414e+01 8.260828819364095921e+01 1.418424035553731528e+02 4.491765393611560739e+02 5.115397224547508586e+02 1.407629803022845572e+00 3.212491156091699107e+00 5.726548802638433244e+00 4.583142600565135005e+00 3.808166944133929643e+00 8.368701514947405329e+00 5.479846620994299755e+00 4.537724262336132464e-01 3.655279676233820774e-01 4.282307741400063206e-01 2.759730767484890324e-01 3.818697943692674068e-02 4.008657013693170401e-01 9.853001207564772157e-01 2.483937352848806235e-01
1.504989758472154193e+01 5.596270906292808434e+01 4.968259051624393408e+01 5.291091354301610750e+01 8.258866944462577919e+01 1.418328689121050274e+02 4.491755555403429980e+02 5.115517248827284220e+02 1.399610117997211578e+00 3.201609854768650010e+00 5.727419654138902416e+00 4.578165161667936189e+00 3.807128504424917015e+00 8.372574546031325227e+00 5.469940344869510973e+00 4.621491307717145447e-01 3.530166652623126233e-01 4.335915071263504728e-01 2.853038694341704096e-01 3.532356030546491416e-02 3.963752227447432941e-01 9.962592172376329991e-01 2.893344094769441099e-01
