1.504989758472154193e+01
5.596270906292808434e+01
4.968259051624393408e+01
5.291091354301610750e+01
8.258866944462577919e+01
1.418328689121050274e+02
4.491755555403429980e+02
5.115517248827284220e+02
1.399610117997211578e+00
3.201609854768650010e+00
5.727419654138902416e+00
4.578165161667936189e+00
3.807128504424917015e+00
8.372574546031325227e+00
5.469940344869510973e+00
4.621491307717145447e-01
3.530166652623126233e-01
4.335915071263504728e-01
2.853038694341704096e-01
3.532356030546491416e-02
3.963752227447432941e-01
9.962592172376329991e-01
2.893344094769441099e-01
